1548	102.76537415575152	35.95800083455824
1549	102.00247011227623	35.69434455316346
1550	101.48762642593148	34.84188403985264
1551	101.12211499735214	35.17267772052379
1552	102.22207394073847	36.847168446440335
1553	103.92478213045263	36.360450347368264
1554	104.57380750919157	34.280814959362026
1555	105.37244662033412	34.57822846725367
1556	102.5467809700384	33.17550859731517
1557	101.84738730051286	35.605675859799746
1558	101.34947971133843	35.08403699000261
1559	104.35788411341545	36.552432830594
1560	100.47422622124756	34.11578841358334
1561	101.9931534052055	33.94830274906552
1562	100.23203753598422	34.01959934952092
1563	105.899768588744	35.59183972784869
1564	104.42592681970588	36.21972058000595
1565	100.31841505396636	36.189593999386425
1566	103.12776714728282	36.845459136906925
1567	105.76767969617086	33.84268669820792
1568	105.58731266614004	36.96009371288914
1569	101.2906770827122	34.993048911849755
1570	100.1466986310899	36.39094890788363
1571	105.79066574465978	35.52857420861772
1572	100.65971845398336	34.79005374946224
1573	104.87341000285767	33.36459829852753
1574	105.3224022324152	34.81359838777749
1575	100.28689373170712	33.968532947029026
1576	103.00989812760056	34.59844234716107
1577	101.0030942425164	33.97514561705783
1578	100.18438457172668	36.0352163247948
1579	102.22187655458698	34.251890565192895
1580	105.1897170929356	34.69009891610229
1581	105.09366888349065	33.516860666180804
1582	103.280741323228	36.611138862983104
1583	101.75543272890921	35.88634393456292
1584	104.04867917965662	33.670031868678414
1585	100.35354170406553	33.534632034312985
1586	102.99872243962488	36.53655072847525
1587	100.0875355083251	36.985643131602515
1588	103.91194431451689	34.86036619384696
1589	103.95031634297139	36.4240842734509
1590	100.28086616063312	34.74378533262372
1591	101.7632072747611	35.81329362583987
1592	103.54649300348538	35.128972828284844
1593	101.3083930592537	34.537566489676415
1594	104.08435822501977	33.294510197381676
1595	102.84661572793681	36.74868273050622
1596	104.88809424546736	35.25868655200184
1597	102.07459920888822	34.589518315104414
1598	105.68127245637488	35.52070384379107
1599	100.62452779570164	34.99203654323099
1600	102.75173274420101	34.236018528784555
1601	104.53700593523237	33.80261948315854
1602	100.14734870282139	34.61833051168147
1603	102.74927786100157	34.57461380170782
1604	105.99815195919379	34.08826967517255
1605	101.5320869035778	33.48612936689645
1606	102.63696500866529	34.447618739681324
1607	100.9814064281762	35.49054281475001
1608	102.87916906345039	34.1479511049979
1609	104.12537570355545	33.98782290343591
1610	105.29195948410397	35.543850330107226
1611	104.94212522090051	35.01670764778003
1612	102.5344181774925	34.87341810886121
1613	105.60077811473579	36.21092860110156
1614	104.88195886275355	34.592565735283806
1615	105.53576546777055	35.5370898647328
1616	101.86217793997172	35.604623625002766
1617	103.54369516627227	35.13747559623602
1618	105.52386939937715	36.87309232280437
1619	103.95236513687995	34.437972102274884
1620	101.23694006004746	36.882897623689054
1621	103.05311375962499	36.04945547864702
1622	101.07818677720054	34.42430139982282
1623	102.41055171892401	34.890409860275646
1624	104.7963745914559	36.2136586521458
1625	101.36782065855266	35.38920518953237
1626	103.06978105717658	33.93650080406424
1627	104.05087658094855	36.5863773001449
1628	105.27034852128803	34.400963760992184
1629	102.44189622052943	34.450417671979444
1630	100.23081292880258	35.62336877028128
1631	101.63975730401582	34.74499390435953
1632	103.57465388278932	33.83280299215216
1633	105.25464438157957	34.34118594458178
1634	105.01343770463428	35.57783560417238
1635	100.99418407905884	34.955237766441925
1636	104.64210150091135	36.3460447907585
1637	103.8901146651896	35.91048721121397
1638	100.66995293812114	35.3658193716776
1639	105.28734667105387	34.67155205923897
1640	101.21363679599476	33.54993860298195
1641	101.67137294335767	34.57951319159768
1642	103.74804636767638	35.861721934502796
1643	104.64533782461663	33.42875075623818
1644	101.56213370215968	34.73708071682732
1645	100.88467683219864	34.269252816313376
1646	103.09880002935402	34.5795913088196
1647	100.69508983721911	34.09262993770284
1648	100.37152322264087	35.76074989840142
1649	104.87871220429524	33.86573373166092
1650	101.74510709948537	33.0038568940588
1651	104.97370003157127	35.712690883022695
1652	103.24391247747761	35.50751873913373
1653	103.57404694608326	35.91432860156135
1654	103.20815752571352	35.673543705207074
1655	103.35930187571617	34.793381318314914
1656	100.55735099676386	36.84404725900425
1657	102.66795830089973	34.48453267425486
1658	103.13964871720633	33.02387183514931
1659	102.93363756433963	33.05026083440731
1660	105.6468999733078	34.166964807919
1661	105.06978988872939	33.396618891559825
1662	102.35737761325638	33.23914740712655
1663	104.93648868318273	35.96749709010783
1664	100.53166120555412	33.93474665382565
1665	103.35199497424655	34.25157646455557
1666	102.63187045320235	36.62085128110478
1667	103.72212083711331	36.723098570022984
1668	105.66042155637724	34.81049148597418
1669	100.25202167930637	35.95573949892756
1670	104.82170623160464	35.224831870981845
1671	105.87789897550412	36.29829057888457
1672	102.39856965114815	36.29450579723205
1673	103.51019713616623	36.681512018520664
1674	102.20519025846667	34.77150797134958
1675	105.9152289899994	33.83744056202226
1676	102.22894046931962	35.975602066762576
1677	105.57876612112891	35.45559499431335
1678	104.10603432252519	34.082988390322576
1679	100.19298256418682	35.57493886024671
1680	105.88924472429592	33.78001619288614
1681	105.98724075510606	36.81612245006454
1682	101.16069903548524	36.55101407108371
1683	105.98356108122483	35.89544141346393
1684	103.91873872308464	34.84685097077296
1685	103.39921771231428	33.230112348703635
1686	101.82505536931298	36.38962943160282
1687	101.84175481643341	33.34388052873598
1688	103.33679138442994	34.908951742789895
1689	104.64581874129127	35.21263866761381
1690	101.96802118052933	36.6764887765419
1691	100.68655395850577	33.651649772623564
1692	103.42600429318938	34.30812029344368
1693	101.2709110064992	34.339130940573725
1694	104.64982901091085	36.43670438414341
1695	103.2560674255789	34.09536967722002
1696	102.84254143240058	35.0235734818215
1697	103.37326347938647	35.59220747334209
1698	102.43258157693921	35.273142174269005
1699	100.84570596766635	33.75464017815144
1700	105.5263244931519	34.34255272072435
1701	105.78079576051474	33.73444856280433
1702	100.82075109584467	35.29707150823135
1703	104.48978545463558	34.48518606417049
1704	105.1337500982293	34.05199051972236
1705	102.84207521144502	34.648515785104706
1706	102.67927858491336	33.36307518304842
1707	102.99670711690533	36.67380169189461
1708	102.96558559216231	35.280140581307336
1709	101.37021893445238	35.83602388384881
1710	105.72692982579625	35.86212598449855
1711	103.49787048158278	33.09150153588896
1712	104.61269878741768	34.36707730229314
1713	100.52435694814913	33.51657119714003
1714	105.45256342268425	34.57673588395723
1715	105.42047551044563	36.41128222414779
1716	101.79227886325572	33.392971296299145
1717	101.66381240418231	34.018335132183026
1718	101.05196829428809	33.35208442965852
1719	101.0443702114803	36.20690284524132
1720	101.09720405286741	36.24304706513875
1721	100.46015554326253	35.40163873797653
1722	102.23292575281585	34.58703214169063
1723	100.05309988020386	33.499089497556824
1724	105.63121257769949	36.338128935759286
1725	104.80228727294302	33.50689487737808
1726	105.986153219314	35.79892561783058
1727	103.73931420522811	33.16557047202025
1728	100.75253303828049	35.40968165132578
1729	102.27970892384475	35.8683338627983
1730	103.66978549597488	33.766100301088706
1731	103.77468856565683	36.78134813558462
1732	104.39863053419047	35.94825200876624
1733	105.27913422320873	33.18492127287428
1734	100.00504980286064	34.00198726589055
1735	105.70451580692854	35.705613944124416
1736	100.71472483424593	34.204217387478515
1737	104.97959975189879	36.28987174732442
1738	102.83079099883557	36.56473027924062
1739	101.57712454702441	35.48171286808901
1740	104.95873663857473	33.869747747781076
1741	101.78123030371538	36.81016539537791
1742	105.71450309729937	35.45621930753118
1743	105.36828048591813	33.866563190167895
1744	102.9053183952137	33.82088738339193
1745	104.95281516727475	33.95747277144339
1746	100.7675233698533	35.114446881802735
1747	104.11072688194604	36.05593826379441
1748	102.22162585446446	33.54866231361389
1749	103.53335180146793	34.14189489694772
1750	101.26204536455855	36.753093320755916
1751	105.88902031779729	35.92201631840067
1752	101.53748651816674	36.158120024193806
1753	105.77271288750097	34.34992436396595
1754	101.89760696055562	35.55224733608023
1755	104.1098183146827	36.32960450536966
1756	102.1826213533889	36.06420746488544
1757	101.64659342969684	34.47803393251803
1758	101.81470982295686	36.95416813115803
1759	100.70777468641445	36.84744356116975
1760	102.81357606925592	34.763393707209914
1761	101.23089353788268	35.0632988881214
1762	104.70322638723127	35.56799510792732
1763	104.19719915470219	36.42099936357408
1764	102.40301791663323	33.309943461016076
1765	105.97069382431341	33.102459236198875
1766	101.60325068484023	35.43731180705173
1767	100.72963734836563	33.82314742217388
1768	104.31405464466195	35.37574778627938
1769	105.1289791448131	35.90082806698626
1770	101.24604945971774	34.6744698758063
1771	103.56752740229572	36.949156735550346
1772	100.43223158131502	36.02261808698311
1773	105.95026716259918	36.142452547518566
1774	104.03276929875791	35.71557977078392
1775	104.6340896439425	36.27237924257873
1776	104.5778632559029	35.56594985018014
1777	103.32429800836377	36.62293336024939
1778	103.99855666548815	33.700073952577974
1779	103.04960514357775	35.02705105436005
1780	102.67135559775328	34.1586621053206
1781	102.98494114999863	35.33630929075133
1782	104.35974661224422	33.72874931679914
1783	100.8142399960901	33.93461177621048
1784	104.37417537486297	34.97431917870227
1785	105.52947578279068	33.85741285110724
1786	102.49177666514494	34.00419473034043
1787	102.04757108820893	33.53994814345675
1788	100.17812254166785	33.118340755381816
1789	102.7934011738498	35.21110342537355
1790	105.4354819924593	33.10751015647818
1791	101.44496973462701	36.47396822831344
1792	100.1655622863887	35.64620650302905
1793	102.36593277240691	34.66978414410013
1794	100.27942820910215	36.9152235133946
1795	100.86099960001981	35.20891238943662
1796	100.91327270786941	33.31756173944862
1797	105.28134081031672	36.17060859430851
1798	105.0159380694125	33.91031147403799
1799	102.1799849849578	33.12280746729879
1800	105.26256448768225	33.9651300033706
1801	105.17128742046987	34.293783758177455
1802	101.71846816998276	34.89123059777554
1803	101.88390572134612	34.93947000209867
1804	104.9283288077914	33.607339256103685
1805	101.41331843865524	36.99337548800322
1806	105.1379920562537	34.33286496450178
1807	100.97777501615838	36.860465402034144
1808	101.16966963368063	35.6835674916959
1809	104.06066626675484	33.52202251580288
1810	100.06604593660003	33.90329650049198
1811	100.18265652635185	34.95542856298022
1812	100.99477690380874	35.04091438633912
1813	102.58852017887841	35.24096556589837
1814	103.06209318155446	36.89030438273046
1815	104.55647668335581	35.627152785444
1816	105.6226964547261	34.551404950926674
1817	101.74191990442803	33.25679745709072
1818	100.39286399815968	33.541499614145465
1819	100.95278885549416	34.217852914521686
1820	103.1746534685849	36.488531675939484
1821	105.02042917517366	35.076340859619975
1822	103.2813263900409	33.572001149030015
1823	105.977645225173	33.07300907934283
1824	104.81758507121106	35.042041214526236
1825	102.58474530129776	33.721059675476454
1826	103.8129447410344	34.34355986224613
1827	100.35473306605184	34.62919723339859
1828	103.83253888982193	33.599872040799006
1829	100.62040091959773	36.99241019316877
1830	103.096882319229	36.469036301907465
1831	104.85893121507263	34.34231274557914
1832	101.33059351893267	36.67614909195709
1833	103.4437144183884	33.82953875292429
1834	101.52980367417777	33.84613891401863
1835	102.22844328300467	35.522593340174666
1836	102.58895711493984	36.614141883414256
1837	102.8851450109301	35.95073152953475
1838	100.25993360411633	35.37432864151326
1839	102.71566385286448	34.39284759841208
1840	104.22990056711366	34.44309236631267
1841	100.73520899917729	36.220023206075865
1842	104.19902859888974	35.858796340299975
1843	103.18693368087764	35.93629529743027
1844	101.71518144313593	33.51781839820057
1845	103.2881131028159	34.430370570396676
1846	102.17991718955543	34.85541916062753
1847	100.93134045481574	34.350425672606036
1848	103.87861471733076	34.819999520939824
1849	101.2682616263522	33.444797233912674
1850	105.10726534133187	36.46060220971823
1851	102.58872113182568	33.17328021440969
1852	100.46944688950705	35.05005119229213
1853	100.67479304864881	34.88691581007236
1854	105.19922322400322	35.299911740838645
1855	103.85702220941896	33.398565929240355
1856	105.9291895100104	34.88849333823546
1857	103.32930300883636	33.82223380418527
1858	104.66760954860337	35.21940596868984
1859	101.8891741082004	35.146005355044835
1860	100.87456842833083	35.05572019947391
1861	104.16190932515032	35.12164947002482
1862	101.43428987154509	35.433570061759816
1863	102.53963614666377	35.70332971565564
1864	104.00924501183194	35.049076914509605
1865	101.52081562574098	34.44854380293755
1866	100.73140477934611	35.13376134446533
1867	105.87076781724713	35.0063214375967
1868	100.43696565939838	35.68614976058559
1869	105.04052980170057	35.06087503663079
1870	100.68310464569049	36.81107080524026
1871	104.57918344747245	36.87331209291748
1872	103.59879567030298	34.83317588974925
1873	104.85389343667256	36.86968170161177
1874	103.21644683672432	33.797507725708705
1875	101.25224554558045	36.5605422674755
1876	103.30709386014537	35.94747896725506
1877	101.18307860955164	36.44540085831914
1878	104.89911184025702	33.779412983207536
1879	101.61485393683682	36.4547895150854
1880	103.59888428963745	34.312836989140514
1881	103.59470808307822	34.913407212742875
1882	104.55159444063673	36.2870077598403
1883	104.17668628049347	33.96967050207395
1884	103.38128096909621	34.09668832111553
1885	101.45425540149603	34.930180003244836
1886	102.73152625850868	35.41398373931833
1887	103.94004675320608	36.96202386773755
1888	105.09162231420116	35.60808266028233
1889	101.36488103673642	34.18150332912306
1890	105.43778594858836	34.27104104048321
1891	100.07847863045248	34.23477976368043
1892	105.84497108921717	33.38528253714293
1893	105.625860681615	33.09410648925726
1894	105.63205314369063	35.92728018483343
1895	103.74629745489581	33.94272260498092
1896	104.79163642697523	34.991922171170025
1897	105.99576226908809	36.70215061977655
1898	103.42546256480618	34.84335423519048
1899	102.42920087341389	36.967553003614455
1900	104.65737411629758	36.65062967737803
1901	104.29552759998818	33.859967595590106
1902	102.02801445252176	35.050287603993034
1903	102.49611124314336	35.578655290420755
1904	105.68892124697065	34.09301875916699
1905	103.63661510613174	33.242457760393016
1906	102.80839764271819	34.5778673628806
1907	105.86240746823927	35.94597697602358
1908	102.47752169352493	35.25495651817586
1909	102.30935984728522	36.82455251704337
1910	100.0618813449849	33.88651387243024
1911	103.92470238376569	34.32142616210966
1912	103.38309843106784	33.696013166240334
1913	101.61670714222292	34.78114821626309
1914	105.33393223725764	35.30653633273984
1915	103.1773215300198	33.955193231123474
1916	100.53172927618701	33.87200018823525
1917	104.18847582060361	34.99891730850308
1918	104.39721276375488	36.73868014077663
1919	104.17064010309149	33.063403220665236
1920	102.6090818897084	35.63950331459171
1921	101.56130771196679	35.64140336828874
1922	100.22961704855373	33.11987175204208
1923	101.72143382810361	35.41350500948311
1924	105.92246462687577	36.62131599545204
1925	102.05945915740949	34.458805978238075
1926	101.59100061735471	34.408067761108434
1927	100.53540045897836	34.34380338607088
1928	100.4541493921107	35.31168038345324
1929	103.26159134650909	35.78386171699
1930	102.0462604217327	34.0901139954356
1931	101.65200780763712	33.28354071535788
1932	105.87862248042313	36.050241509651414
1933	105.5887152576025	33.405227856633395
1934	103.53242084433323	36.466521389177814
1935	105.3718246861043	33.089933924325344
1936	101.76642028533765	36.24362101137743
1937	105.7984476538099	34.75977441037719
1938	103.81738272320398	34.217064423938005
1939	104.57649107420458	35.76857345498049
1940	101.44720534131534	33.463516983155415
1941	100.42073442700351	36.135191337218046
1942	104.4479909172581	36.00110855300213
1943	101.6014836355535	35.39359021099642
1944	105.25473960288836	35.30023570597713
1945	102.42019736212973	34.82431698392996
1946	102.03507702637656	34.096573044212015
1947	102.07183293178399	36.29399682607428
1948	105.12641077866445	35.10056195272381
1949	102.6202608897569	36.42259369941442
1950	101.97313358535808	33.33143517372094
1951	101.36094853966483	33.82260960071056
1952	102.77996825733966	35.96887372188613
1953	103.67421460868431	35.71005745424423
1954	102.94227575662788	36.81168224304369
1955	105.58270830929537	36.27395705544644
1956	101.94012471954835	35.660408060120865
1957	100.61836833274893	36.80926721417497
1958	104.7901468483645	33.199617597514376
1959	102.27696804998855	34.7675817527559
1960	102.33767965231374	35.24558387794899
1961	104.29245551072118	35.560580535378875
1962	104.6414239884297	36.546426857793314
1963	105.19864787457594	36.16314128349541
1964	101.45382119520413	36.67428820306701
1965	103.16244155735907	34.306181629363856
1966	100.33258013919972	35.93291071389982
1967	100.8705514514942	36.323714958313175
1968	101.23226237849576	35.61903197674187
1969	100.33089305627075	36.52426813436457
1970	105.51955868682526	33.42229045615915
1971	101.8100744028371	35.29372219679829
1972	102.2318681898982	35.2258818750142
1973	100.77006445461133	34.004802729409576
1974	105.05601687197499	34.07899242117714
1975	101.58995814988663	33.20785896850342
1976	103.94242940348333	33.65207414842149
1977	102.06285805380166	33.50823613332514
1978	104.48979433284254	36.05731786250694
1979	101.143245392153	36.99745876290887
1980	102.23623985324288	33.51921682040492
1981	105.18681408765845	33.09860728960372
1982	105.77526304982399	35.01390422295566
1983	100.9725934990859	36.210683824063615
1984	101.17813312216856	33.660986618091115
1985	105.1262865207599	33.59242748056335
1986	101.54921476147977	36.34788405742503
1987	102.17410202283796	34.51295344734612
1988	104.6666348449919	34.79422678934794
1989	104.34796132118349	34.81475420897884
1990	102.56794234235376	33.02264823143439
1991	105.43581070810053	34.68401517093797
1992	103.62888713937052	34.992351799826054
1993	100.42487320551822	34.60386137454417
1994	104.15317123461533	33.97311910032779
1995	101.42102414033785	35.17806542848526
1996	102.74200105818369	33.08996578659165
1997	103.34407726011119	33.75591182921616
1998	104.74449722293127	35.352440331566314
1999	100.19661917747116	33.563325637101734
2000	105.90349383849455	35.397600337379004
2001	100.28313145880212	35.35103874194126
2002	105.90598683079811	34.12198949979054
2003	100.61649177572569	35.40748022013339
2004	104.92346645986224	33.35547831560605
2005	100.89054647365514	36.15224168545219
2006	101.38459651598279	36.73861957316197
2007	104.82029894491019	34.42538257609144
2008	104.16117857813374	36.00520975466701
2009	103.3553592385261	33.0185041513077
2010	104.0680670401599	34.94303577084547
2011	104.25765265990871	36.95543550062399
2012	105.07867632504711	36.40832608715994
2013	101.80098595416901	35.523538338807036
2014	100.93994906373355	34.90321385798757
2015	101.89792145620369	36.081052020779204
2016	105.93412986841246	35.39055912744399
2017	104.78851144920567	35.22156372278667
2018	102.37941652719664	34.216766186689334
2019	105.53579620093385	35.96360320058438
2020	101.08753654357741	35.24077081241378
2021	105.96457063781615	35.25152550670116
2022	100.4035236837509	33.526161839901235
2023	105.35277653471604	36.2032588995454
2024	105.64144595175453	34.243440081632926
2025	103.13897851908737	34.22115938403939
2026	104.69956238179368	36.750706866363814
2027	103.14473352951052	34.29412784192551
2028	101.38936337980958	35.173613296594944
2029	101.32726512197928	33.562308528213514
2030	102.54517548434632	35.189191149786076
2031	100.8757057059594	34.490103417991875
2032	104.294487586911	33.133224036360964
2033	100.54327120754654	34.798899479840934
2034	104.96388326989923	35.99710804194641
2035	100.46808390332373	36.647821046097775
2036	102.97143936479378	35.35768894501419
2037	104.37696157195943	35.418982888809666
2038	104.7136782174612	36.79235281862026
2039	102.98934167606232	35.86313386696626
2040	100.89363707349973	36.87168563954371
2041	102.64261163530202	35.292245429870064
2042	100.95634522145315	33.393306631911734
2043	104.64546734347724	34.96751248728421
2044	102.29897538798441	34.1230191375309
2045	104.6325239287232	36.824399214221685
2046	105.70516303411497	33.94321186143115
2047	104.24125400139039	35.20077552162112
2048	103.01646350960674	34.973482582282976
2049	103.76143064920666	34.2898548146727
2050	104.39864331796404	33.92474506850914
2051	105.01760352541885	35.626556850946976
2052	101.68647913004543	36.67561929848155
2053	100.63673833574158	35.03408436840148
2054	100.19796354555798	33.818694297804974
2055	100.02600119518812	33.10691586247603
2056	100.0972943644055	34.71429154620898
2057	104.83977133534904	36.48708067373225
2058	101.8557499279349	36.41064626739795
2059	105.45031684239122	36.90249723731122
2060	105.61052979949793	36.64196293936506
2061	103.9531698221735	35.179318901416615
2062	100.25386688465511	34.99959031837945
2063	105.53608893596589	33.21464602162489
2064	103.89819325403539	35.28660041042681
2065	105.6195989114343	35.20162691878914
2066	102.9578689164425	35.01234497050831
2067	102.03744785747514	34.23588471921382
2068	105.4639589571428	36.96110196485776
2069	104.66692523494343	33.80037058651848
2070	105.38577134119531	36.77771361967098
2071	102.34183456389655	36.525158446638095
2072	105.6713439579924	34.55315677022113
2073	102.5850167227728	35.049360197685786
2074	102.4387963131586	34.464275320566635
2075	104.68267089835614	35.774254195877894
2076	104.25143764432566	34.624443368817715
2077	102.88932248676817	34.789884396559856
2078	103.69174995272832	36.43571719780927
2079	104.100137857771	36.281800953522705
2080	102.51284072818603	33.89807273026645
2081	101.15638852814108	34.28027782875734
2082	105.49068719294365	33.52761460023042
2083	100.06021792147415	34.70125640105222
2084	105.7264699268024	35.76318202970589
2085	104.7664659040662	34.24642861428828
2086	102.55552052031558	36.99956520629831
2087	101.89215798075405	34.87928684836584
2088	101.40788474910124	34.67558575627588
2089	105.6383672170759	35.27463215594549
2090	104.9352287019575	33.16658336680039
2091	104.45450866790813	36.85094634118686
2092	100.46979239972025	34.58338988109552
2093	102.49172802492672	35.73819727768075
2094	105.41332189273292	35.96366109387086
2095	104.6898968259087	34.30806142313494
2096	102.46738708434195	34.75647602467274
2097	101.4218293998082	35.69921104896384
2098	105.71121941555208	34.94740164723392
2099	100.9786870290392	36.10722776876437
2100	103.40918021250765	34.64876121140063
2101	102.82213743735642	35.47686871445071
2102	102.08719633286051	33.48863214909609
2103	105.45168844111365	35.633824669172846
2104	105.8559774762563	36.67213987540431
2105	101.93971666704893	36.82377457086665
2106	101.17855500559412	36.15990157343924
2107	102.6720636145416	35.08845408566726
2108	105.28065915918775	33.0110143088905
2109	101.59867300798149	35.901620530805694
2110	103.18467827173399	35.57177004195854
2111	102.34659479414455	34.01221015623349
2112	100.91141985546071	33.856319539260895
2113	100.87678282672252	36.49764813339585
2114	105.73861995644742	33.16179610767328
2115	104.97646475366977	33.61718540091031
2116	104.53112409488566	35.68794932533014
2117	104.77046434474235	33.173300719179515
2118	104.06488935339918	33.690127816893764
2119	100.6077077959625	33.73862032292752
2120	103.95543373324827	36.48448910244751
2121	104.13324743802346	35.28647167071978
2122	102.27108576919917	36.44560416351679
2123	104.09148752005923	35.47510186939755
2124	101.16236365617773	36.989162410400944
2125	101.42289844142726	35.07875508610469
2126	103.87103952470113	36.41627304670811
2127	101.5143575151546	35.833217917807296
2128	103.29592200587253	36.41089683506794
2129	100.04235569494956	36.26910519664208
2130	105.88711530395297	33.9282318765577
2131	105.70866114511998	33.943073214846336
2132	102.01649105431514	36.18941600514282
2133	103.30963264560596	35.84531078415829
2134	103.12933463939424	33.506697288943535
2135	102.00322675488992	36.6610736432457
2136	100.92060504404702	33.70326353334381
2137	102.34184439854188	35.99469058881857
2138	102.49897328254016	36.96321010673908
2139	101.62451463375783	33.62638465294548
2140	103.00278133620205	33.04966549558329
2141	104.38851389780876	35.365416372664235
2142	102.41429006248323	34.96288171802768
2143	104.40837173162063	34.087470247977464
2144	102.3820609410005	36.275137374757804
2145	104.39931441271203	35.09986954782805
2146	101.70604324222228	35.57558832883385
2147	103.73255066438001	33.06511889437234
2148	101.76591476295154	35.68574207009165
2149	103.8614040556873	35.33143780365505
2150	101.58045072928056	33.56501907477024
2151	105.83014907159485	35.66836250950984
2152	104.37417200104433	33.11590486143772
2153	102.1915090597643	33.086157902460336
2154	100.49725053060263	36.419484590671324
2155	105.89412567632766	34.62969454804385
2156	104.29562644758009	35.2846918624143
2157	104.21791163843243	36.780610891886695
2158	101.06051733880503	35.37839182144681
2159	101.63304916243455	35.375993933416865
2160	102.49997761021307	36.618458067848216
2161	105.53749905910996	34.757476134561685
2162	104.26989179623237	36.95829185949051
2163	103.1882363160982	35.20156060422663
2164	101.97776227419241	35.168771268632746
2165	101.78302982008626	36.55014999323481
2166	105.72987876347844	35.73240658442678
2167	100.57243552450204	33.35966928289823
2168	105.73093321330676	35.50451811083405
2169	102.08577355468796	33.817836130888246
2170	103.66487040121642	36.367540599958026
2171	105.04021195178541	34.13904734768334
2172	100.58674104650248	34.70709853490169
2173	103.26868054508839	34.142512809516184
2174	104.8375508762854	35.17228480238866
2175	101.05019064163949	34.24168360170428
2176	101.0575755835994	33.84761487926746
2177	105.55523740245566	33.12918422902266
2178	100.71833840401978	36.66041748699307
2179	103.72931368041999	36.0283734102827
2180	103.71942294764736	34.57496171282483
2181	101.82916498212319	36.500821565604475
2182	105.50352143031832	33.88340967698061
2183	102.99926794580743	36.44840742495359
2184	101.83159445226894	35.69372304565164
2185	102.73011479990582	33.129400415792844
2186	105.82974462818633	34.53594051416965
2187	103.77523934392293	36.7198091046342
2188	101.17038409522678	34.860782676994525
2189	104.12052024921277	36.194440432180365
2190	105.28250137068687	35.08832934396966
2191	100.89715006738133	34.07652822999685
2192	101.29931014737134	33.779554292624915
2193	103.70875898193849	34.91045392406209
2194	101.04628892872907	34.44979032633296
2195	101.70353497835482	35.14899597169227
2196	100.74859758644935	36.52073751016915
2197	103.86378234300064	33.514709141962086
2198	101.29408221371376	35.91641628723134
2199	102.4082133585565	35.794448134778015
2200	100.82655769684418	33.848505821421014
2201	103.90636846737537	36.456714952219045
2202	101.1637829169619	36.4077976497698
2203	105.68991242078961	36.44342266898974
2204	101.03552053419641	36.681033174131706
2205	105.41215524987413	35.980832866471516
2206	102.41929978398915	36.246182988129256
2207	104.15499860790503	34.2788378213406
2208	101.31497719437428	36.06426501562539
2209	104.31160917811398	33.543422722434336
2210	105.14391668928774	34.98208722971506
2211	102.5834731557692	35.814056998335005
2212	103.58458753358795	36.2878402799653
2213	105.82208651459715	34.75592840548995
2214	102.06360427203099	34.02025393694435
2215	105.11838802804128	33.68634681113934
2216	105.30971016735882	34.02207052099806
2217	101.49714312382552	33.79530967651822
2218	104.34793198462572	35.04987779090662
2219	101.8088384981964	33.7321342741385
2220	104.06211031318122	34.60488229302146
2221	104.92824885667129	36.47322650293897
2222	104.98623630707755	36.53299367107783
2223	104.16668861325321	34.66046983138655
2224	100.29850249085239	33.857629391185554
2225	101.88406321261225	35.40538207014956
2226	100.08670155441118	36.75493834156345
2227	101.64718592640173	33.891101890807455
2228	101.82958365275857	35.05868077770058
2229	101.92242808029454	35.97243062446261
2230	104.69600958890429	36.190791309414294
2231	104.21362150202138	34.37356963751202
2232	103.70221339301463	35.95369067930175
2233	105.76023422487717	33.01385671960695
2234	101.98721466321143	33.191700798435306
2235	102.39619170694519	35.45372009665954
2236	100.46739748574808	36.93145713652999
2237	104.93631734497268	33.44623168262072
2238	103.91349947516831	36.245001232667704
2239	102.50521781381197	36.104055807448304
2240	105.05673067871827	34.74427506559541
2241	102.55254028568226	36.247253968057294
2242	105.67546902543167	35.312028642351336
2243	103.90887981860337	35.08431920532338
2244	103.73995540234384	34.40169037415292
2245	103.12821752111196	35.49697926848706
2246	102.59963805327125	33.99753987245746
2247	105.5356206546702	34.848720155942225
2248	105.88629232777971	36.11656094588775
2249	104.85303823209823	33.41764702786388
2250	103.27576885773561	36.554642133258824
2251	104.01137703398118	34.26621280504171
2252	103.50219921804973	34.4323312662081
2253	103.77364398077052	33.603509099079496
2254	104.05071525715687	33.97913906359981
2255	103.09179328416342	35.47022797168033
2256	104.7682142517455	34.910426556096866
2257	104.69901761315316	33.882067453044954
2258	101.22642926324805	36.697199496156195
2259	104.29957430030883	33.40426737565905
2260	105.04753997272508	34.006672687230775
2261	105.85983939888492	35.498126524160135
2262	103.55978646862712	36.600255326315406
2263	102.92713376404892	35.87976587444044
2264	101.08902433589431	34.015648527729724
2265	104.60696664437725	34.56206691324603
2266	103.9118867463734	33.43103450260336
2267	101.81469436727049	34.21262811212831
2268	105.39719496525171	33.21187625403732
2269	100.68419307906265	34.953746517088426
2270	100.14448608908684	34.77463562224525
2271	103.56399555967523	36.75484570367342
2272	102.99200272920167	33.56675665827494
2273	104.86044451182453	36.123435246874266
2274	105.61121616370417	36.15855026154494
2275	102.09776571401812	34.887601081196046
2276	104.03093127830735	34.67015512813132
2277	104.95656631965211	33.48118982935234
2278	101.84124765541178	35.01553924899902
2279	100.72511463800922	34.292264743989016
2280	103.01612833011352	36.73554482944116
2281	104.551860033022	36.31607466673503
2282	104.26305373103975	36.513269286501526
2283	104.12300261890887	36.56569142069395
2284	103.55921535366149	35.81761322300018
2285	100.9055241255643	35.43663527152464
2286	104.06592992624529	34.50461599989558
2287	103.89394268230954	33.49622216088583
2288	100.92643163949151	34.621238259505475
2289	100.8781563842736	33.97403028953387
2290	104.5469264515938	36.102539786974994
2291	101.6100915582301	36.56679799121829
2292	103.8367690277756	35.53074045122394
2293	101.88847310938395	34.039228500623956
2294	104.54084948261588	33.63344062614857
2295	105.50388657990841	34.50159175848421
2296	103.2357537497626	35.73831699291433
2297	101.19040219979287	34.17567699669477
2298	105.78098758541098	33.972898206419494
2299	102.21538377744997	36.92256424922936
2300	102.01753146891394	36.60056440627694
2301	105.00570575313341	34.79884679979047
2302	105.28821934368699	33.51770347483727
2303	103.25645422035487	35.432350858096285
2304	102.91791162673465	34.60199567929108
2305	102.29728887130076	34.06406229121821
2306	105.13615867408265	35.298088029130014
2307	105.10199428086302	33.689885185108906
