6804877767	23.863003	39.1444462	Ψιλικα
6804886301	23.863203	39.1442971	Menta
5100671364	23.8644087	39.144288	Tzitzifia
6804883317	23.8645142	39.1443851	Korali
6757753985	23.8647115	39.1447751
6537329438	23.8653085	39.1445968	Mom
4984438079	23.8656995	39.1446217	Patitiri
4579646733	23.8654716	39.1446475	Ferry ticket seller
6537348638	23.8654299	39.1449778	National bank of Greece
4977595389	23.8654869	39.1450325	Miam Miam
5131021783	23.8650231	39.1478023
6804897363	23.8650654	39.1475105	Κρεοπωλειο
5131021784	23.8652687	39.1476347
1757164794	23.8653991	39.1478242	Π.Σ. Αλοννήσου
6699310359	23.8663636	39.1482998
6699310358	23.8665593	39.1483862
