5422139670	26.54245	41.4625611	Catarct Pools
5422139669	26.5417563	41.4634496
5422164365	26.5545535	41.4502846
5422164362	26.5535572	41.4516922
5422193587	26.5534613	41.4519517
5420049407	26.5484458	41.4590352	Shell
1306944331	26.5161131	41.5008094	Lidl
5908318750	26.5186103	41.500447
5915869889	26.5200197	41.4997927
6173864049	26.5202246	41.5006815	Δικαστικό Μέγαρο Ορεστιάδας
3834369465	26.5336557	41.4859312
3834369468	26.5339432	41.4857936
5915865869	26.5347186	41.4859829	Πυροσβεστική υπηρεσία Ορεστιάδας
4398856289	26.5339733	41.4943962
4398856189	26.5222502	41.4987521
5915870985	26.5215141	41.4998872	2ο Γυμνάσιο Νέας Ορεστιάδας
5422500921	26.5317381	41.4989618
5422500927	26.5319461	41.4988245
5422500922	26.5319629	41.4989429
5422500519	26.5317437	41.4990755
5422500520	26.5319741	41.4990733
463166353	26.5313081	41.5007515	unknown
5915855386	26.5268211	41.5034486	ΑΒ Βασιλόπουλος
5422193597	26.528045	41.503056	Σκλαβενίτης
1531191294	26.529278	41.5033771
5223951781	26.5301463	41.503337	Εθνική Τράπεζα
5209432840	26.5314727	41.5038939	Alpha Bank
1531192924	26.5303912	41.5051327	KTEL Orestiádas
5422500928	26.5322524	41.4988598	Ζησάκης
5422193596	26.5323486	41.5003764
5422193595	26.5320504	41.5005873
5422193594	26.5323557	41.5006107	Ριζόγλου
1531181701	26.5333067	41.5016817	Hotel Ilektra
5235777349	26.5334322	41.5012018	ΕΛΤΑ
5235777350	26.5334261	41.5012798	Eurobank-ΕΛΤΑ
1668430607	26.5344783	41.5009282	"Φροντιστήριο ""σπουδή"""
4682199490	26.5343685	41.5012088
5422193593	26.5321596	41.5023466	Πειραιώς
5422193592	26.5322115	41.5024842
5422193588	26.5324561	41.5025936	Αλβανούδη
5422193598	26.5320217	41.503288	Κάτι Ψήνεται
3129467173	26.5346341	41.5032652	Euroservice
5422193599	26.5322027	41.5036996
5209400425	26.5322316	41.5039023	Eurobank
6277069735	26.5325439	41.50401	ΕΜΜΑΝΟΥΗΛΙΔΗΣ
5422270074	26.5322867	41.5043794	Ο Βάκης
5209485792	26.5325902	41.5045244	Τράπεζα Έβρου
