3068	100.43483412950087	35.85148084041466
3069	102.90541123612657	34.41119531440549
3070	101.30008602180195	33.8932782938827
3071	104.21088752432425	36.72856098955697
3072	105.64001495984797	36.377598543479415
3073	104.98689399071716	34.560162634856184
3074	104.73001474133602	34.1719681980978
3075	102.43128703037021	35.303412106094456
3076	101.94626718334193	36.999867802579836
3077	104.72440807676186	33.52780857166331
3078	105.48668633768688	35.444514140977674
3079	102.29641871469747	35.110763230132235
3080	102.5312710087055	35.97576820185662
3081	101.72448917836225	34.93233159844246
3082	104.89096824521886	34.85908600723142
3083	105.2742748626321	33.597633678098255
3084	104.44512744120783	35.65796863519093
3085	105.11671728129191	35.898906801444035
3086	100.69985069102839	33.92515670706867
3087	102.54905742309833	35.50354981267461
3088	104.61302189315002	36.59285409331454
3089	100.12805092408509	36.66018102978426
3090	105.42652382765714	36.5185537106674
3091	102.48372627957524	33.55164708808811
3092	104.62212854049109	36.620578642900554
3093	100.7236285679651	35.29208327159165
3094	100.27477343115162	36.046239709545254
3095	101.76034292336352	35.464540187786724
3096	104.01541159767423	33.8555503231257
3097	103.59919357525342	34.52635611287593
3098	100.53535180777818	35.77472849726645
3099	105.60836570029083	34.371367373942284
3100	104.06497989505472	35.676254493582825
3101	105.06029896179999	34.83121461648922
3102	105.54198001998631	36.57604232955393
3103	103.78105316333767	33.9224154550669
3104	100.24765080432968	35.10332178371747
3105	104.57344815230542	33.20153900697795
3106	101.53463773965305	35.595117042503304
3107	103.19013135213498	35.677731647645516
3108	105.8953800826357	34.19474697650163
3109	101.02432813504402	36.35000708891324
3110	100.02779692115773	36.59256119641909
3111	103.35888173298096	33.58612838789498
3112	104.74321346464744	33.33716496906797
3113	103.96829098408739	33.24057313467552
3114	100.53125556506716	36.9666754569143
3115	102.10380555327323	35.62098752601408
3116	104.34741659569511	35.56209016536938
3117	104.40824025729665	34.15569889360968
3118	105.72122784693644	36.70863850314573
3119	105.10502121734392	36.88927004099135
3120	101.59643951521355	34.266025376531786
3121	101.88507845424986	36.73874361498872
3122	100.40934687455544	34.79476562267191
3123	101.27555092188148	36.78013767108224
3124	105.7873716502413	33.96334675532852
3125	101.91587173689862	35.702918788856174
3126	104.90723620658473	33.76974645416952
3127	105.08965252462747	34.96959239685672
3128	104.99054396786694	34.95087081809259
3129	104.06488811947241	34.14821413210692
3130	102.63430656727441	35.52476777672481
3131	100.28035319000611	35.34754058171094
3132	101.67493432829728	35.01300971541643
3133	101.18266557629373	33.67770109757138
3134	103.06643383805587	35.5244279932003
3135	100.56634086733094	36.183687296961914
3136	104.81703218825558	35.54642134884799
3137	100.59826602815353	34.75461990447129
3138	104.3731746936443	34.986349228745176
3139	104.31836997388308	35.098667748177725
3140	103.96581912106797	35.73306011495315
3141	100.29987175276726	33.99165674799197
3142	101.34117603049724	34.767393595092045
3143	100.32533753967145	34.65682166513827
3144	103.98652137020109	33.64053506021779
3145	104.38888023211543	33.31381692556872
3146	104.43143451801446	35.960389504455534
3147	104.07018588069515	34.647016953680804
3148	100.45579044812379	34.378681220709026
3149	105.34265387043017	35.1863006940945
3150	101.06806260658865	36.45527460602716
3151	105.17578831828897	36.36792900081673
3152	100.9309684070379	35.69125052018676
3153	101.87108064778562	34.348787528591366
3154	101.50621689820912	36.96856153435577
3155	102.93097394431703	34.48418180471371
3156	100.56609365178983	33.61162888720443
3157	104.40210215050439	34.747535574201066
3158	102.87684556390545	33.295032528517936
3159	103.05684789764126	36.26975706015947
3160	100.79730385445282	35.06148507827088
3161	102.48136509549201	35.60670213340057
3162	105.25591082549178	35.78556932743439
3163	104.12356321868506	34.30507764677282
3164	102.07029205695844	34.52125818798714
3165	104.62115260344684	35.83029161521946
3166	103.85574267180891	34.30502473551303
3167	101.2777006655625	35.944171732534485
3168	101.83247224559557	35.151389668506376
3169	105.38375161372917	35.17613725775172
3170	103.68618034101465	34.174041675378746
3171	101.19041268525328	33.11832357482505
3172	101.2625105508108	35.993206220832356
3173	104.73441246486875	33.89332271546246
3174	102.28315750815183	33.84872647204785
3175	105.38648772212797	35.292617417806966
3176	103.4598786019978	35.1283598496914
3177	105.9490570707474	36.76444983003291
3178	101.35238761268667	36.34208223746145
3179	102.3644913180742	35.64178078440482
3180	100.06708501934573	33.92573124332754
3181	102.61189188779952	33.744158907212075
3182	101.42580563032556	36.64110889856978
3183	100.16814005986853	33.76173330095051
3184	100.5472412818621	35.75470294131908
3185	103.48808190210117	35.63530763215397
3186	104.87842226931737	35.62347580493728
3187	100.31906458217533	35.48324719628522
3188	104.58961846773012	33.793708086687914
3189	101.30664188384476	33.494214923357056
3190	101.9032471116163	34.22767360062119
3191	103.27111815120399	34.60412614237626
3192	102.36585090495005	35.81296162028057
3193	100.73870123492755	35.70637610355393
3194	103.2919369249815	36.88055096101749
3195	105.7963868809439	34.60630819826093
3196	105.60944302725908	35.06027966153818
3197	100.10629853559001	34.92405521828127
3198	101.11882518210061	35.43614325940659
3199	105.96305766742383	35.67429930830857
3200	102.74123573404957	33.62889356855608
3201	101.60686216798625	33.3071613796671
3202	102.67598919907824	36.1296986968372
3203	103.61530060072045	35.581343794615904
3204	100.51348845242256	33.93616487603542
3205	102.08853333868933	35.75881489911017
3206	103.25701124975127	35.300808550299074
3207	102.5153214707764	34.25973776553563
3208	101.8952331628437	34.192107462466616
3209	105.66148736392378	33.09700954249589
3210	103.637089643489	33.88954764651758
3211	102.557741164005	34.12169191740622
3212	103.17155671319789	34.986622824772084
3213	104.68041003871697	34.353777364527886
3214	105.34715614529168	33.95953133634125
3215	105.71645785731488	36.447149793043806
3216	101.4794674964458	35.37435529603569
3217	100.88328484200282	34.64326213544453
3218	102.08965615052867	35.751795233517576
3219	100.63414838184883	35.40496799641607
3220	101.25300294333833	34.08607297278771
3221	101.72164747849467	34.29010777944662
3222	103.89364750884201	35.023404044982
3223	102.01456507285154	33.523864449410645
3224	100.30023400224917	36.74548076278971
3225	104.16746403835208	34.1595679349631
3226	100.856874595821	35.67469536157479
3227	104.22778414268473	33.67954082503946
3228	104.4848226328993	34.22037193818624
3229	103.53178880607157	34.3807430039269
3230	101.57247359402899	35.91906539941244
3231	100.78856210947117	34.91438572727931
3232	104.23478914913463	33.48702409087768
3233	104.08035817098967	35.90435091194663
3234	105.58796558943847	36.49920207654041
3235	103.61795623642969	36.65616456562562
3236	103.35114492344077	36.63674625496088
3237	101.48127687199371	35.58643776028153
3238	105.49419319898642	35.70367234803877
3239	102.24836559633891	35.15210261260327
3240	100.83904725110322	35.90348290682719
3241	105.36995270845408	33.739434658560725
3242	101.4918576407801	33.1877696833963
3243	105.38214854482857	35.18476718486073
3244	100.73413238588584	36.841381510907226
3245	103.56643601702838	36.34196703091289
3246	105.53331188070854	34.85252815483931
3247	105.46397319458455	34.38615560745499
3248	102.14668309065061	34.031229582422064
3249	102.73032027731912	33.34882267699675
3250	104.38726650621963	36.28580907258484
3251	101.17705729256444	36.71639489450276
3252	104.99628685635221	35.94466771906357
3253	103.48835992996885	33.79248464963059
3254	101.2240644602072	33.51936692627699
3255	104.02345299707446	33.92345944072699
3256	105.15964111047921	36.84508466982093
3257	102.31996171802002	36.61763537207214
3258	100.56918075677659	33.10580023329997
3259	102.39853382852257	35.05031315626315
3260	100.0041616503314	34.85410091522792
3261	105.73570588099282	33.44003827271396
3262	105.72260369181261	36.76929420968898
3263	101.81983926834697	35.305882003978226
3264	101.53005058495218	33.56254667078586
3265	103.53405329644131	36.67120293556252
3266	101.99175358816228	34.13406100589327
3267	102.22043343801884	34.866263587733535
3268	103.5934798944458	34.81484103370572
3269	103.17139506980456	33.70024042424566
3270	100.33559528288225	33.28438396862726
3271	103.46693450235996	36.422579534777626
3272	104.9335471810711	33.54567798355892
3273	104.53060040654269	33.074314606553465
3274	104.26760098495915	36.1601722447587
3275	103.51237043186198	34.54187743245916
3276	101.97565926635576	33.79792597933185
3277	101.6232194983426	36.86909598079479
3278	103.11521912235706	36.04193171908321
3279	101.84401773099489	33.157488129500976
3280	104.63400075251538	36.30064713914522
3281	104.01049730953736	36.69062424075659
3282	105.9835060824716	35.629058996814955
3283	100.13637953460129	35.755245035365604
3284	104.58574285224421	36.236142082031535
3285	104.97835471985242	34.99998574527218
3286	104.02057666601074	33.465363983058474
3287	102.2694588523497	33.07197138441562
3288	103.73964943379819	36.07492728974976
3289	104.75149318529434	35.702212121734775
3290	102.83252965919279	36.715728150071115
3291	101.12248360921262	34.372641763122836
3292	102.87173629324239	34.607550553940456
3293	101.2817791274258	35.190806415431844
3294	104.14550475406361	35.547803932822276
3295	104.80323955251505	36.62262441092217
3296	101.65063978867035	33.55215104622541
3297	100.39606448851423	33.289302857574334
3298	101.06252706536137	34.62266215739458
3299	104.22316736804561	35.1214100043684
3300	102.52535125804923	33.36667050787764
3301	101.33859938712621	36.78126662664337
3302	105.51279552588493	33.448293322712566
3303	105.1783801875346	34.414233964182735
3304	100.19797343745468	36.14462129945372
3305	102.99319351282078	33.4701397280826
3306	101.74107131193661	35.59986914095527
3307	102.34675767352888	34.54799754036213
3308	104.65415505548016	36.7233180081799
3309	104.32028211255749	35.96033941911279
3310	101.9348226925541	35.060670671228316
3311	103.86127313963947	36.98789499060963
3312	105.97385985783748	35.383478554649734
3313	104.79405315531784	36.601015206839385
3314	102.33678237214605	33.18758913147686
3315	102.36970975063065	35.76115214451161
3316	105.39512649870386	34.76910135506355
3317	102.87479177342567	35.28387086878134
3318	100.44057389160913	34.05510571576455
3319	103.74092220817249	36.6442832887407
3320	105.35347529206155	35.90652439861118
3321	104.8015980827771	35.03645766555293
3322	102.11706283716657	36.18165668816418
3323	102.82779997417616	34.46027231391059
3324	103.46961817762927	34.45157286328357
3325	105.2406349647533	34.60234496385883
3326	102.7690896082701	36.892289998429064
3327	100.94708847478665	34.80208441016113
3328	104.7081282150064	35.54370124147312
3329	104.5740618598727	36.449574491688395
3330	105.8622397098722	36.82151962363533
3331	103.98622456792054	36.748914527771326
3332	102.17972478926556	34.89603653159347
3333	100.86481076107522	35.89880473444187
3334	103.42930792553021	35.310283903316005
3335	104.29734221823446	35.3915790016374
3336	105.30983072985627	33.00022829571507
3337	103.78236077706993	33.31255126919148
3338	103.39611252291309	33.7009141393324
3339	101.78860495298433	33.233456399451356
3340	101.3460577719241	34.57501234061293
3341	104.0246674610894	36.536929702272374
3342	105.82631590032676	35.78401973545407
3343	102.8730212140246	35.78338407437341
3344	103.4272763607424	34.63739382967355
3345	103.02140337233973	35.03730729797879
3346	102.43290771407041	34.90119603613442
3347	105.18489888883498	33.906916340473
3348	105.68692628051542	34.8253564414962
3349	101.95366553649826	33.41926944947067
3350	104.95400694739321	35.4574611916069
3351	103.2240951879776	33.752350893292586
3352	105.11322417530451	36.85100358380145
3353	105.37530677173675	34.276307444744255
3354	104.24063911732625	34.847328305646734
3355	103.33821826363119	33.31792941616058
3356	102.138924331578	34.213037898502485
3357	104.97104671798549	35.555633567013395
3358	104.15414464057505	34.04841902175977
3359	104.70293665464871	34.976618823244564
3360	102.18328897640095	34.54748561044429
3361	103.23651881320997	35.8835300494102
3362	101.62087496452912	35.38652493080299
3363	103.210552930433	36.524879325840075
3364	104.61892417019241	33.245571501180976
3365	102.11540958340646	33.54163776688953
3366	104.4418325665305	36.22602296324915
3367	100.42699780534187	36.571825527016955
3368	105.8861378386393	33.21765123165979
3369	101.8788466465504	36.035591297004935
3370	105.70491085376287	35.58955096283537
3371	101.02740080534427	35.33518685777859
3372	104.72747592583679	33.93210686223703
3373	104.78219117880607	35.4474062994954
3374	100.89739067040044	33.960849910282064
3375	103.37039387039763	34.16047352260292
3376	102.7650929971777	33.10811218213591
3377	105.28439166791418	35.0130256600862
3378	105.06634915380536	34.77467873305173
3379	105.12130423503854	34.32975437927937
3380	102.89361360933688	36.69117376382681
3381	103.86505488833048	34.61643056451012
3382	104.62463765386345	34.34770829649366
3383	101.08439254597347	33.97645274954728
3384	101.21114072371866	34.99035422777995
3385	100.72439036423856	34.14172270228294
3386	102.65008459880806	35.254300475091405
3387	105.65429273052544	36.172566667406144
3388	105.46106719014114	36.10608386403906
3389	103.90118472439634	34.87458402701006
3390	104.77557973104945	33.401078847005
3391	103.54680977588872	36.5047196286588
3392	102.20734677829104	35.027466835295684
3393	101.59396187966364	34.39452008649337
3394	100.01769606574558	33.30419709688908
3395	102.71923167227712	36.70544810268844
3396	103.2158809848882	35.02798842828774
3397	105.72048576244593	36.649293356866025
3398	103.14150551134438	36.323211439211015
3399	100.6403117320723	35.156132235109126
3400	105.76467775881765	36.23852915351879
3401	102.00076138753877	34.152952810091
3402	101.40924478050472	33.855463258809095
3403	105.32007759021153	35.32797580112504
3404	102.85543840942125	36.5265925102989
3405	103.09869077244223	36.498865798873695
3406	102.81048741886741	36.74487833306861
3407	101.7596231202729	33.47744172647937
3408	103.54922904137219	34.06065223945545
3409	102.6075399609173	35.629158808699664
3410	101.12147860243536	33.40908864619151
3411	105.73103947464034	34.162549392290394
3412	101.89889278877529	35.1885253666246
3413	104.9143731886651	36.55197290027717
3414	101.3912888812112	34.43878351011492
3415	102.04764159496474	34.396440092809534
3416	101.20085876723314	36.508677610980364
3417	105.22861068076963	33.447940637964926
3418	100.70244263323269	35.673195518266134
3419	101.73464637895181	35.50461673573918
3420	101.53900459021568	36.26336693332087
3421	102.30986627624742	36.35729024550837
3422	100.3036783081745	35.005628426689285
3423	104.76045861872531	33.00226410199101
3424	101.84322804809831	34.43253191012745
3425	102.68022091485916	34.88898352389445
3426	103.46249600858948	35.42293249618174
3427	103.23872136618247	34.05805601529293
3428	105.93538477385447	34.15733081927483
3429	100.35608863601223	36.64329374203475
3430	105.63514894406599	34.03283392058878
3431	104.26128637120397	33.36085546285376
3432	105.28524762042757	34.37223793774353
3433	100.3848308641388	34.2892296402064
3434	101.8017350737842	34.08302462740344
3435	101.77226155360873	36.45571411435148
3436	102.44914449181198	34.77460330209118
3437	100.72127580174177	34.48821197302732
3438	105.0640450629656	33.22591835311358
3439	100.14329102805658	35.86557733260817
3440	101.413930524231	35.51058187324045
3441	104.2292984437231	35.10540862013636
3442	100.8538227271382	35.53297970412626
3443	104.36022456083201	33.56510111576683
3444	101.31895100926445	34.20633879592436
3445	105.84361826515443	34.40013477331156
3446	105.34909451439412	36.01253206845858
3447	105.98133229808751	33.62298698237695
3448	104.2786512458866	33.22343671669856
3449	103.17697023766591	34.136724265449885
3450	104.94622392389118	33.63495079845227
3451	103.27722113038952	35.07924121685214
3452	102.27848978032186	34.26731141127702
3453	104.10780563801714	33.807278274470036
3454	102.88534738842299	36.11914801398916
3455	102.21260912174124	33.37376477727938
3456	101.36681087050214	34.72774212468495
3457	105.13367893732536	34.40769771343109
3458	104.3768476310679	36.98425500688043
3459	101.18011392834121	33.89267979875557
3460	100.61533292460554	34.38022279302915
3461	100.52547700354711	36.45840583050105
3462	101.82652100138999	35.62040875236891
3463	103.64621171720826	35.44879938911147
3464	104.57090871320771	35.327140304510216
3465	101.56764677902837	35.21116653285594
3466	104.00709483845489	34.38254859037389
3467	101.11952275580089	34.76264667255069
3468	101.17121391826083	35.30766627395084
3469	100.41957776257685	34.23340560634419
3470	101.27375115006683	34.96112956006572
3471	101.1015798176831	34.260429234171355
3472	104.34702009410299	35.755268302199966
3473	103.38329551002604	34.811440337546145
3474	101.17131296096385	34.533658234333124
3475	103.93023589574004	36.75537573301135
3476	101.78370841744858	35.2317472170388
3477	102.6126224752934	35.864024166171205
3478	101.03074950761855	36.45095785810522
3479	103.67586716682949	33.82884015858191
3480	101.56468030901301	36.1167064383119
3481	100.5489623239464	33.30761255242527
3482	103.40265643121563	34.4620685402337
3483	105.50052775152662	36.97758078910324
3484	104.66932143038207	36.68135964353418
3485	105.61886403382809	34.06475626260778
3486	105.42536743702651	34.73168895271997
3487	100.14021226500238	34.84361943816554
3488	101.54817496741609	34.925583137467584
3489	100.97852217552617	33.15702836932988
3490	104.4753535046967	33.15406593519307
3491	104.42038265053868	35.093087638247134
3492	104.24798081555785	36.80711904976408
3493	103.34036918804843	36.57389113236003
3494	105.69756588669858	34.717237899629744
3495	104.96491535877594	35.76046593640911
3496	102.80923654108149	36.74183578652048
3497	104.16691648207257	35.858909108642614
3498	105.26337937434569	33.92153864928924
3499	101.50862513322822	34.124622362002164
3500	101.90893680070661	36.503951584170274
3501	105.76700014888075	34.60471475435346
3502	104.45379165883942	34.50626763351409
3503	103.4735217855365	33.433056621684685
3504	103.97114705636181	34.9051280758457
3505	100.07958778697159	33.29813265147102
3506	104.91553552751465	34.988432976698064
3507	101.71895615394013	34.04075595492794
3508	101.21806802165294	34.8813393535569
3509	103.18030255973615	33.206868629177684
3510	100.68775981961252	33.76747348933691
3511	104.6258113527653	35.78006918295568
3512	100.38424723561359	34.86642344377177
3513	104.79582086953089	35.249170247845996
3514	103.84693536765695	36.79986594730909
3515	100.9248957820824	34.628005070558466
3516	102.06659362659856	36.58122202992075
3517	104.36129970937992	35.037864550845974
3518	101.86764251186476	36.09752385475278
3519	105.92969410218835	35.987361094145804
3520	101.93285173756922	33.617214840221344
3521	100.40599012979365	34.54017955937877
3522	102.04689598898291	34.55389401393908
3523	100.08363214287706	33.14808924956649
3524	101.26119163209373	33.4435548249191
3525	103.30219296389268	36.044755780651336
3526	102.58966385003801	33.851657050452616
3527	104.9820124662441	35.74530474719108
3528	102.53357066802326	34.716410653098634
3529	104.66271306205913	33.3772538395189
3530	105.20323632015014	35.45593816492532
3531	100.27877642632875	35.280344101126964
3532	104.05552365735629	35.019522407292264
3533	101.92196838047043	34.55596451136051
3534	105.29810115803869	34.94693452040499
3535	104.13824930277875	34.02127886984193
3536	102.82503736828374	35.414876998589236
3537	105.88591007787994	35.32882755688707
3538	101.14298146562524	33.195865171525874
3539	105.14202434439015	33.84929096647086
3540	101.12316580597088	35.43240944124347
3541	105.28590979363598	34.28326539077793
3542	102.57169245320706	33.13815025003674
3543	100.81114254557667	35.86731632507266
3544	104.5490424888392	35.37763621891011
3545	105.6217706412835	36.47023806680195
3546	102.08947329687074	35.14772517129261
3547	104.1537237308509	33.837362699550916
3548	105.47194585143006	36.08612708267454
3549	101.82901784487065	35.73392554426377
3550	104.47645019873868	34.26639647940811
3551	105.89820586722901	33.76290806113059
3552	105.1230742215815	35.50372150555345
3553	104.55562550015047	34.188443740782986
3554	104.23588728590704	33.7921454756582
3555	103.32234838080724	35.182785825589576
3556	105.79968655515418	36.72139591756502
3557	101.08333555916327	35.53300058211615
3558	102.48488115319404	34.980285629426035
3559	100.83815580882579	36.99296320477404
3560	103.90426490665106	36.3436881025097
3561	102.1787253192243	34.14689809954381
3562	100.13515561850183	33.86138056448426
3563	100.74287830107589	36.86261877203541
3564	104.79135543736503	33.31958503702105
3565	100.40917992458411	36.15578710590752
3566	102.46161275668119	35.42982834423799
3567	101.79624484748034	33.56092563297543
3568	104.64474367862884	35.61478027735659
3569	105.70892546888243	33.91058044866503
3570	100.40629656463562	36.70701846873621
3571	105.53408590216542	36.76094649230287
3572	104.85762062083352	33.35420736075256
3573	102.23027988466552	34.570431289092056
3574	101.21542548001615	34.43296810429186
3575	105.47850109458999	33.13704664310981
3576	104.63839566616461	36.31375505114126
3577	100.76527702182347	33.73118254755997
3578	100.25714997958336	36.390343265613495
3579	101.65472883961057	34.822231340734454
3580	105.81481297846943	34.89007132073763
3581	102.27282058712734	36.29069379265448
3582	104.11769159134698	34.61477180656479
3583	101.07487384252224	36.54181386318991
3584	105.05902715644606	33.927361755733074
3585	105.29652420353933	35.992451766218636
3586	104.3235193006904	35.99535388730075
3587	105.09864867765468	34.98982008702649
3588	104.0062946369074	33.03008873371055
3589	104.30839367288003	36.338870904041606
3590	102.28722010927312	35.01927666213828
3591	104.83128577183936	34.26453651390635
3592	103.98993717899394	34.240478081748584
3593	105.26350784208697	36.81569014113419
3594	105.32471946614861	34.66443910177892
3595	103.96877615759159	35.42960727128424
3596	105.36523348591162	35.209738765616095
3597	104.90085411939565	35.61887192172823
3598	101.8415080840213	36.69399340366898
3599	103.75059105165208	33.5170868660109
3600	100.6448952778152	34.241902386080845
3601	105.57547524184284	35.325410127623904
3602	104.0355314039725	33.856708986071226
3603	105.93004255667658	35.53885475814537
3604	105.9187841927885	34.839188502120095
3605	102.65708306475204	35.19945279286809
3606	105.71439794590756	35.747065735699955
3607	104.9224399067965	35.32279790049331
3608	101.2805255389696	34.62780208766959
3609	105.7802962055686	33.07514616192559
3610	102.07456257708591	33.32898228842713
3611	105.54119724936537	34.24016764643382
3612	101.23367535672841	35.79306938756873
3613	101.48165708173674	35.00760602638154
3614	100.54014134576855	35.37708596075711
3615	103.9820493761634	35.14051726840926
3616	105.30009689590126	33.40281839738151
3617	101.00858539105249	35.133422845182814
3618	102.00901378568444	34.33943034254571
3619	102.96553167204665	33.06062624377156
3620	104.30320285523106	36.247910180597174
3621	100.33542353693211	33.432106814424756
3622	100.10386907758013	34.37556692279199
3623	105.1978802994322	33.52381757271118
3624	105.04871960077662	34.07882737454998
3625	100.67173086076541	33.32987910111831
3626	104.27585233863267	34.573877049551015
3627	101.56050934109099	35.496074486127824
3628	102.37562956887851	33.36722604640788
3629	105.99798237005793	34.33721545909804
3630	101.85846728442893	36.60207020091552
3631	104.68822053966066	33.31536271131168
3632	100.799948122599	36.971357109008636
3633	103.41382887668578	33.16154873207873
3634	100.41939139273035	33.294755248094006
3635	103.84630236380018	33.16056448193079
3636	100.2239912385871	35.3342638527738
3637	102.33407400299873	36.98653599263442
3638	102.00785997018865	36.931990486367646
3639	102.26667452368643	33.876430646457926
3640	105.43379004741679	35.093661259586774
3641	101.81752500734848	36.85929717228501
3642	105.14527540769345	34.21271916710765
3643	102.35323397287075	36.22095726269817
3644	100.35730865650372	36.232403945438
3645	102.56387341576887	35.37703101342043
3646	103.65669766043898	35.176996299184864
3647	100.41655900348302	35.851592384350205
3648	101.30612146491293	35.14844868829618
3649	105.36376140555657	35.11441457984952
3650	100.69087224584149	36.580913341194474
3651	105.84812738984516	36.61668003075932
3652	104.6732060787878	35.273217784511445
3653	105.03719078429587	35.483192953915754
3654	101.52645241379263	36.47812688810371
3655	103.8942050012171	35.96854708304828
3656	101.80950843159377	33.11726958509028
3657	104.14543035361365	36.96536496208597
3658	101.01207102987179	34.01189756396368
3659	101.4395610101002	34.564639375077604
3660	104.0519358379272	36.87218228378464
3661	101.0115780318219	34.91137137068995
3662	101.73791908677303	34.6715454403598
3663	104.46116613917319	35.37311360904049
3664	102.12543480114992	34.94755756910548
3665	100.83493414313189	35.34469180349883
3666	105.28648663043876	34.51722821459386
3667	101.062029797614	35.84929085005391
3668	100.3918093259515	35.07204996633394
3669	102.93434180801307	34.46425660675341
3670	104.16012268087948	33.12694843001926
3671	100.24533304907149	35.99937820719943
3672	104.66793626552703	35.83732832517822
3673	104.40565108825014	33.78607983137381
3674	105.23307018004121	35.269695830961425
3675	103.83901282245618	36.39786485025592
3676	101.58603404306871	35.81387574853592
3677	101.72846267971003	34.11551974422628
3678	100.82563222632481	34.55863136561285
3679	102.23095425565991	34.474998470388854
3680	100.7186405545522	34.61753414233847
3681	102.10730785852665	35.79157297112327
3682	103.74812599319714	33.588218862279646
3683	105.82494718687059	35.64074866931459
3684	101.94095712150752	34.55569965958569
3685	101.5824205556713	34.89460863127841
3686	105.9122805542455	34.30921070610461
3687	104.37756300558905	34.06166343735824
3688	103.75321408468885	36.73207510678824
3689	100.19525804954986	34.3589486329479
3690	103.35773460233347	36.645393787512596
3691	103.62610819838932	35.15702482494408
3692	103.53571491478296	33.73888605531282
3693	101.74392638256253	35.18170039312233
3694	103.79129070989242	34.60600198244821
3695	103.86781068977042	35.13071024360836
3696	104.95921463223698	35.31546619685645
3697	100.91366695401456	36.16924829256145
3698	104.98658211055643	35.39770133879396
3699	103.40039561861487	35.10516564263473
3700	102.02328894295826	35.60211894631515
3701	105.81756014944438	33.912810017277266
3702	104.64180831389866	36.29005428119296
3703	100.98420621101776	34.67389663232361
3704	100.44535045566174	36.86816083872381
3705	100.23260271952788	33.93446417971426
3706	100.54319583895078	34.238369105521905
3707	103.7360264868592	36.93888409056827
3708	100.3729680076383	33.84305358197165
3709	105.06631491018649	35.195055258973476
3710	102.13184029630712	33.51784088897387
3711	100.11476184086348	35.349330077879934
3712	100.64214554667547	35.029530587641474
3713	105.83903355786879	35.40538232038456
3714	103.82158609704447	33.872890288162274
3715	102.90913376613119	34.90814087320606
3716	104.05421666295935	33.62762438719173
3717	102.21704742730458	33.83207774003682
3718	101.66559992140179	35.93560619474345
3719	104.38754511106507	36.56255282902426
3720	103.39401113673304	36.94850119541382
3721	101.88173135587876	35.53958185068125
3722	100.2192943670116	36.91719878802439
3723	100.02027169809138	34.84530773139618
3724	104.16194976690326	33.44700893152613
3725	101.26983472941531	35.25962042751833
3726	102.69725791707809	36.82636891680018
3727	104.43413720918782	33.08278351992596
3728	101.24272349619348	35.7518447437704
3729	103.97008150171872	34.32959044599598
3730	101.77184753653492	35.71850047654746
3731	101.50982696545395	36.73648704585697
3732	102.98321352271842	35.32224844472943
3733	100.81123708149819	36.39126120149588
3734	101.61110002912714	36.72958149815179
3735	104.78199731947063	34.69431473070214
3736	100.4023080335983	36.610128208705554
3737	101.92679896374538	33.79119617087822
3738	101.00361859011008	34.89876077075731
3739	103.55233647394914	36.57798763227819
3740	100.5052725410607	34.856524379585316
3741	100.33146713699621	36.87430277281856
3742	100.6680906949603	35.033445767070646
3743	101.37573349757038	36.383067041309225
3744	102.92532943429637	36.901318195015264
3745	103.7945505102483	35.611915429258524
3746	104.09509343841646	36.12084841803603
3747	105.82971120995371	34.01795686960109
3748	100.36510331773516	36.635091193357816
3749	100.04546553252553	36.25581883903478
3750	102.5188430230385	33.039884885193125
3751	103.72727965450208	34.55829921372222
3752	104.5605883376041	36.97204186338305
3753	102.5964834351258	34.9596172906913
3754	102.86654396771112	34.577335542358476
3755	101.18336624084463	34.28316903481722
3756	105.74029377686126	36.47286559373787
3757	100.71788232169746	35.55885648595485
3758	101.78299502585212	33.00217151610766
3759	101.19497871682994	35.80947464396292
3760	105.80222403841101	36.99650423627946
3761	101.35066018600328	34.9513039765504
3762	102.07810742100455	34.70195392964394
3763	105.64525729766041	36.89096980703325
3764	105.6813493637494	36.00967173519503
3765	102.99196517937506	34.768794737990405
3766	104.19499209900101	36.63521220698097
3767	101.89157225368184	34.698284031822716
3768	101.63022354850668	33.43306163680595
3769	105.83839958769724	36.28204764773842
3770	103.54627199925929	35.60370758947595
3771	102.34782320246237	34.64637715686865
3772	102.38540497968344	34.153143058638285
3773	102.72235337053601	36.72985960744804
3774	100.8162757091218	34.59848813968457
3775	104.72109613100325	36.085824409841315
3776	104.44233689096932	33.578451416945285
3777	100.62652404262738	34.51408338215116
3778	105.5767686751613	36.72364158573949
3779	103.8128348631024	35.424338434921594
3780	101.91134360052494	33.86927988776704
3781	103.81177837036098	34.95179512868704
3782	105.81387835771736	36.451652020453665
3783	101.04468260283224	33.49493427077083
3784	102.67739859036296	36.719678012471505
3785	103.84351316266196	33.52605845365575
3786	102.21386934612339	36.21426703931817
3787	103.11915039581274	33.23714366675381
3788	103.83632079682826	35.820663743237006
3789	102.05167041284102	35.82669071241727
3790	100.30542487304304	34.58278121983703
3791	101.47526842981382	36.007685054295685
3792	103.63005548540323	36.38355510845252
3793	101.20956361632948	34.622437934934375
3794	105.80609108065204	36.541642429511285
3795	103.4493764426732	36.086995181054114
3796	105.35369568445739	35.35232763703359
3797	102.46667148199413	36.75596491699497
3798	104.77053982888346	36.609287215092024
3799	105.30120956884598	36.19802889615077
3800	104.95690075233288	35.183904131412156
3801	101.82055504983587	35.803066318719736
3802	105.38830685295811	35.81011120162115
3803	100.51543585531897	33.10373334001275
3804	104.31236808963813	34.32528262272429
3805	105.66305457432757	35.68750527163777
3806	100.52866121688014	33.75148131267295
3807	105.03880172605211	36.599602512977896
3808	103.37401425076601	35.76640904580003
3809	103.1859225512737	35.692885656611054
3810	105.38026225172142	33.30969547954523
3811	102.36304151392123	33.4677187667872
3812	104.6975219656981	36.29770078785451
3813	104.6810490015781	36.56296436762592
3814	105.78326049906951	35.678796509251754
3815	101.61370751068765	34.20868743898751
3816	103.04590893123026	35.35112728340573
3817	100.02043515883437	34.63180974608416
3818	101.10149866219814	33.78614614414333
3819	101.05507654221071	33.61787054106834
3820	101.05277502424205	34.553754219100405
3821	102.85107217331414	34.175212388853055
3822	105.73246885436711	36.32866567753556
3823	102.67128961628569	34.522326443062255
3824	105.16588372909055	36.372657006883124
3825	100.2898806439915	35.42475473077407
3826	105.60268258639488	36.933649210324496
3827	103.7338805832682	36.24486087683691
3828	105.34373463291618	34.48011048407089
