782	104.29088837990784	35.29779749524175
783	103.01947142750704	34.128546332945696
784	100.69412677039867	36.948883058344045
785	102.65930264329563	35.329019809391475
786	105.16684075007558	34.85559893927346
787	102.54365606875413	36.91047613945717
788	103.42011991254346	34.317527980432715
789	103.08744113464778	34.363028901806565
790	104.76120613072716	34.823350528965044
791	100.2029863214528	35.83573627146191
792	103.48102648331694	34.513734020334674
793	104.0885927047006	35.31919476948634
794	100.65430955662767	36.178853547239
795	102.80810401979313	35.887315371152546
796	103.66017712004482	33.32231187754865
797	103.82534218704069	34.65553866432032
798	104.01332908399371	34.95701688084218
799	102.20510881829033	33.13716066401244
800	103.15941732079717	36.96361349720078
801	103.02155444437983	33.235103894700714
802	102.73292939717207	33.03835583192368
803	105.625069413775	36.19338362091439
804	103.4018807196826	36.48484478678074
805	100.8104511882366	33.450682079709075
806	103.83083926122578	34.36284510052129
807	102.60195506654956	33.48785844741105
808	101.48228465776121	34.79743519749671
809	100.3249363412073	35.441885690217966
810	104.94602897199826	36.5730318217722
811	101.86914381535678	33.47062010080285
812	100.23740379322788	33.48937094254667
813	104.56532613716968	33.59597291625419
814	101.0371443463819	35.34031527554555
815	101.89466360571774	34.02746771973009
816	100.15937828800418	36.791397704456564
817	101.32964036710344	35.77383133582891
818	102.62885308398704	35.87829924917028
819	101.96532259962552	33.68717998061041
820	100.62451261986425	36.325999149297225
821	101.24161079450788	34.952526461834076
822	100.2037601844986	33.39712343998776
823	105.97988483399784	33.43474843703175
824	101.16022150507926	34.518057897142974
825	103.16156314064999	36.225821470847244
826	100.5875482891693	35.50268009446936
827	102.3614476076336	36.19703522976206
828	105.72277886894663	36.7961043650634
829	105.51532889459108	33.354074466115705
830	103.42499950407667	34.79462223337594
831	101.74917674172482	33.3172613799481
832	104.20852640134288	36.96306079511285
833	100.32634313215881	34.30491924328575
834	104.09455471515398	34.167069458533284
835	105.37955602661377	35.58473176259192
836	101.67119788053553	35.36538560793781
837	100.98608459136199	36.47613626132537
838	102.6590668557649	36.56591790676753
839	100.31730697749497	36.6362033677582
840	103.96801533300616	36.739525446620604
841	101.04801431507482	36.54211951153475
842	100.70040414428225	36.20666044343225
843	105.94613547252214	34.795302685830606
844	100.80721350309294	34.86458007373149
845	102.58016911593842	33.1153461286538
846	100.13555983439714	33.50662335559718
847	101.37946101604034	36.666398697610575
848	101.41964879706197	35.40008725523949
849	103.86156595823984	34.66425438480714
850	102.36192438386037	33.23552565968215
851	103.70128543137119	36.04933786437018
852	100.32714888484327	33.53783342755335
853	103.4575737575852	33.378936947548596
854	100.32937660673386	36.63826766358591
855	103.19735674822321	35.99144686104503
856	104.93025939971243	33.34659637982281
857	100.95940865587443	36.926055035295
858	105.38684985641522	34.53385459261936
859	102.98678488798964	36.04320987236191
860	105.8880436434819	36.93872650028018
861	100.92290904142621	35.284380165147
862	105.00102957354513	35.64436176283089
863	100.71426515787458	34.03402645585751
864	102.51259211746272	33.83747251327858
865	105.7917466772344	36.102369625575406
866	104.69483843232496	35.65784752081518
867	100.213066090055	35.9344559645684
868	104.65089731737427	34.17395811424578
869	103.840230110347	35.26918181017731
870	103.80336533739842	35.77912026222982
871	100.29893739095016	34.62135544977014
872	101.77675093283743	36.59271585389324
873	105.42085653908434	33.640537701442746
874	101.89489452717592	33.77226551714317
875	101.10509484227954	36.61231643304854
876	101.26531897158542	35.99468417971019
877	103.05176851225352	36.11083496111099
878	101.9546909836016	36.74883974971379
879	102.61843792643177	33.08580762454315
880	101.07305150944339	35.49657436606204
881	104.12927176373518	34.47292056587999
882	102.67919848619802	33.2056367336652
883	104.32715674215396	34.75342919271303
884	103.29558311520212	34.2355130695597
885	104.3005700723123	36.756928407795215
886	101.47830647313565	34.0659331138032
887	100.1398841693485	33.400685252682635
888	101.32628027145743	33.89786723356836
889	100.7818740089105	35.98958816315983
890	104.03334209931616	36.728119007589044
891	104.98654988623974	35.16268061810234
892	102.58809195229944	34.10115723498461
893	104.157039096041	33.56541149911509
894	102.50844345305083	34.375620294268614
895	103.76109213064203	34.85114808870066
896	102.06135973107693	33.0079646618743
897	100.44189035337459	35.6711620483929
898	100.76297053739033	33.05201858713182
899	101.51618374153671	33.89921262393637
900	100.0802436461768	35.80074108448656
901	103.44938882129293	35.45501528844448
902	105.16261010434657	33.25527517132398
903	104.07012848444826	33.740298518465494
904	104.12041990747076	33.89642378355335
905	102.74079685008094	36.881814658589704
906	101.83683040417074	33.054965252960784
907	101.43608420427721	35.687585952183056
908	100.55070703644772	34.02976501445674
909	102.69799806698168	34.4658299694346
910	104.48034248182068	34.98642869020969
911	104.73376874202549	36.63042308270871
912	104.57127623211171	33.584280882932
913	105.50212836919314	34.322424803279944
914	104.04622403062757	34.22574352973776
915	103.49380506221394	34.11409985191032
916	101.81110262271868	34.79972591169986
917	100.0536742499091	33.23003847548081
918	101.9283619510071	35.79942837762775
919	101.51486183290129	36.61939011391897
920	105.30731350090589	33.735000006995364
921	105.11919463412032	33.643889501349136
922	101.48087019792027	36.832780308141984
923	103.68374558472988	35.10826778684296
924	104.83908961369154	35.1153936138139
925	105.23982250892618	33.85280633972485
926	103.97213884886185	34.09075397435748
927	105.41860084736909	35.15220377719506
928	102.83877616369176	33.443077582577494
929	101.1867025623261	35.720591903322145
930	104.3211708494217	35.31528867620586
931	105.64537441213376	35.20944959530767
932	103.35285936206446	34.999743871317996
933	101.9985211524939	36.703327942252635
934	102.21386250975844	34.112989325612936
935	103.4677000073899	34.86771417978203
936	101.77546492875727	35.62030344961803
937	103.88628479915224	36.08402569397444
938	103.44688427608523	36.397067803501365
939	100.94035964728342	34.118639811993276
940	105.32703504367022	33.36654743154884
941	103.54050340729214	33.616028853914806
942	104.59681754503399	33.6374506110982
943	103.60647790315167	34.98048389946777
944	105.50083948120914	36.47967804971501
945	104.62593457131669	34.0165754313787
946	103.3622044398783	34.42295945187178
947	100.70860527619685	36.035412233482965
948	104.94997763300599	36.240615356084284
949	100.4990452369088	34.00192438852882
950	100.17616616001905	34.089470743397435
951	102.23384704744082	36.69781062636626
952	100.53752750145908	36.61698604564536
953	104.43334671852551	36.80545348548838
954	103.9372465321405	35.41796039000249
955	101.20319376118906	36.28002070520636
956	105.52249786968098	36.82570074305761
957	101.887759655292	34.37013465403521
958	101.956136977938	35.65634003155708
959	101.86520959136321	35.171906208660005
960	103.10423999127717	33.19002587266398
961	104.60316498515438	35.65679295786014
962	105.4659388786243	36.36899116631624
963	105.70423493319424	36.70065630117513
964	103.7979748937844	34.920056444580354
965	103.56229711028247	33.75955558851797
966	103.29362002050239	36.8679031024097
967	103.42325935787736	36.48723176702563
968	104.36409281055533	35.695495854881045
969	105.09813568375893	34.76989697739584
970	102.54032099005313	33.22932129234689
971	103.31162114602057	33.36586059102808
972	100.26388070825855	33.17964927846276
973	104.68595216819413	36.58068636106858
974	100.36816791225276	33.149812131793475
975	102.65769002177592	33.182989168315295
976	102.86433441732987	35.843536417330675
977	100.20416741003872	34.071644185839574
978	104.24124791465893	36.145650456612074
979	103.11668861058116	33.042095210452764
980	100.86471126548882	35.729030384054454
981	103.69917646218971	36.367613085339784
982	103.21840328629696	34.84943616960058
983	101.19380972668866	34.81076879143861
984	102.66747993772314	34.02992852039102
985	104.93929711472862	35.111050539689714
986	105.1455008554462	35.407846029755184
987	103.25278502085999	33.95646771263171
988	101.66632342560214	34.619861774359464
989	100.29299789700117	35.94014858501861
990	105.84483260751206	34.23442692373283
991	103.71006172932445	33.02735338427947
992	103.67385145404573	33.905948487919076
993	100.71656249516482	35.61398737637176
994	103.64930401492974	36.62133695781397
995	105.324743464162	35.344613633658106
996	100.96167858368604	36.637099255788904
997	100.88634607274182	35.47612869550653
998	104.87906607793339	35.96394056338039
999	100.74445145093242	36.72267839162736
1000	104.63552448870722	35.54587886402173
1001	101.7607804904586	33.19805557330876
1002	100.108247630093	34.6021637679446
1003	100.71726251879011	33.28373486877856
1004	103.31799215381484	36.952831514385736
1005	101.10728396506295	36.99386448340843
1006	104.31944385529897	36.53251604081238
1007	104.62987976461834	34.68294826983537
1008	105.36168084039781	34.71217581255315
1009	103.77923209634457	36.74761610536303
1010	102.2936174285353	33.494684857964266
1011	103.2821926509076	33.31079420300058
1012	105.06528955808369	33.127775495181275
1013	100.77814586910586	33.74475107673452
1014	100.83306859219994	36.186609328182456
1015	102.05838239185701	35.28890930229512
1016	103.61536761607869	33.718292440940296
1017	105.3862534624507	33.94897688889054
1018	102.66513014072922	35.611939047360714
1019	105.90472887333313	33.325866122724825
1020	101.72636835557188	34.960427948023856
1021	101.90458162960068	36.01603236820759
1022	104.12424403506637	36.81378430695672
1023	101.77427574347618	33.74927852084761
1024	104.20166243642919	35.38915866673478
1025	102.78173321983584	34.485735681439834
1026	100.96007535896103	35.49866438231817
1027	100.44850948000375	36.28064397545717
1028	103.88816669750004	34.683873400649695
1029	105.16850700065015	35.843722314382
1030	105.8693201672765	35.304559497850775
1031	100.89620889963858	34.36932888959242
1032	105.74724510532369	35.61931712770215
1033	105.1835159568385	33.39427941707528
1034	101.59886361629408	36.71697321711123
1035	104.57962138509724	33.1521032317316
1036	101.01453792231652	34.010248193917704
1037	101.42496039596823	34.13568224197853
1038	103.71794421838648	35.886911339081024
1039	105.36812190018527	33.35463077344674
1040	100.67137525905017	35.02871541112007
1041	102.5137121338096	35.07943970165298
1042	103.40698081221512	34.85468344520707
1043	103.96951134410737	34.70132111001417
1044	103.70043149187893	36.52286079527502
1045	103.7028658433095	33.70485451161234
1046	103.8607183217914	35.933433603148316
1047	103.0391101292735	34.64994968400396
1048	100.84827647955848	35.21615460973598
1049	102.83891411635383	36.490304639412855
1050	104.1533487092921	35.25630612594491
1051	100.3768036007646	36.51745230381765
1052	102.86748015697184	36.91596859161889
1053	104.20970212073729	33.71265238245187
1054	100.66326311301279	33.741153034110276
1055	104.87219518918984	36.31330011642696
1056	101.460926536462	34.110394003218616
1057	101.0643184686413	35.956186759918786
1058	102.40509185102074	35.9766891864179
1059	102.10802384804325	34.84686125061121
1060	101.40099338941367	33.58221051335444
1061	104.84007821629172	33.02250621936975
1062	102.86668782740584	34.78400133200226
1063	104.78200183865549	35.92515590205955
1064	102.54625395895829	34.91891208117012
1065	105.38175452914057	34.18274730611719
1066	104.19871059538588	33.457317563635925
1067	104.35722925738627	35.7074102794235
1068	102.72835695409299	34.047696361366306
1069	105.68821501419994	36.96356584141996
1070	101.85446632359172	34.93794320873538
1071	104.60134130109766	35.532816577566834
1072	104.73174079610814	34.174323706533166
1073	102.97161921661936	34.90827681645882
1074	101.0276605547106	35.42526946659418
1075	104.9245449114236	34.78790431514175
1076	100.8388388966055	34.75475199498839
1077	104.06433325978293	35.004559183004666
1078	103.4857197702226	33.1787609997594
1079	100.6767006672153	34.62993012078203
1080	105.66343164742872	36.378453650361045
1081	100.45871813346824	35.72013182972038
1082	104.64633807671423	36.514828914709874
1083	103.81360642411724	36.632691595614816
1084	101.24480171552385	34.69232105897472
1085	105.51494770620094	35.83780712616967
1086	100.99490521376819	33.25249513858645
1087	102.59263875691789	34.67117186699508
1088	100.62534892654858	34.74406641599434
1089	103.62201280988468	33.53132792859283
1090	104.19047216166054	33.11175454517641
1091	101.20790875578373	36.61142085604527
1092	101.38432069694856	34.37402279498588
1093	105.34706759950012	34.373394734996516
1094	103.45791061591987	33.818541187079596
1095	102.52508803085531	36.62207974724417
1096	104.85031448458398	36.534252047170376
1097	105.85827437949067	35.217288965574184
1098	101.11392255482518	33.920204681784504
1099	101.32606148376425	35.17395461559239
1100	101.96520859760443	34.663866183460264
1101	103.15630334549782	34.14349860151847
1102	104.32455608494084	34.565403056427854
1103	103.72356293151816	33.04404576665372
1104	101.02217725796051	33.49946846395785
1105	103.89964323189793	35.912752672332495
1106	100.44188405153582	36.7523185683526
1107	103.6559500146523	33.89043875245028
1108	101.75044657962503	35.949620259407865
1109	105.85887941066092	34.61687050432628
1110	103.51750129351161	34.799102262345286
1111	100.6222743186328	35.21446362596133
1112	100.4694473951655	33.91224002104279
1113	100.28509526061941	34.46883231726284
1114	105.8404971414446	34.04045401263586
1115	105.0678033117738	36.77652833014844
1116	102.28502137467348	33.1638407585889
1117	101.72755361343914	35.92347722340126
1118	100.59755922463215	35.004243817991444
1119	101.08015020001642	33.7820327768063
1120	103.55033652715503	34.6995120722991
1121	100.08581402832384	34.57023482102031
1122	105.00286483557063	35.57208112033873
1123	105.30616775793975	35.403769712327545
1124	101.06416862524534	35.152552982318454
1125	104.93144244097509	34.4892968464521
1126	105.49541617852506	36.877737952499686
1127	105.24976282494755	34.4572185755036
1128	102.72920430807535	35.17266208553594
1129	104.38446939332594	35.01263495004934
1130	101.8514757282668	36.9473323651001
1131	100.36078725032928	33.29513882442951
1132	103.64302263412186	35.89159087344666
1133	101.07975287547858	36.08127096325812
1134	101.30975791388033	34.33517840762213
1135	105.57516187928175	33.23786870666672
1136	100.84441109963898	36.85516685293663
1137	100.00840235144317	33.640205848879745
1138	101.05703340586952	33.25920886779149
1139	104.21638960945918	33.10573583797321
1140	105.18767220159842	34.050592415273044
1141	102.26942014166954	36.762413515428946
1142	100.67180222891514	34.98987685800572
1143	100.41861396857676	36.66998595863557
1144	103.06757717913494	36.907925953651244
1145	102.01671604106461	34.44330588883768
1146	105.37369201576679	34.49644295218315
1147	104.48137919048153	34.088635882535186
1148	103.96762282615964	33.40465122673522
1149	105.13665209799571	34.25707545966487
1150	104.17623757246697	34.60455350725357
1151	102.81624838177677	33.64365711974179
1152	104.05424788247748	35.65224150579581
1153	102.44127309769699	35.31632151279657
1154	101.29069809274229	35.16901699933006
1155	101.39543574896312	35.34589622501955
1156	102.28966506743562	33.59362443582828
1157	100.41237957872117	33.226366160939484
1158	104.37856809490187	33.01568412054181
1159	105.8626091727086	36.2241382412802
1160	103.78596516658068	35.690454140802785
1161	100.7815992164265	34.97566670926738
1162	104.50043863514486	34.656338384610855
1163	104.71601961330113	34.364719521336276
1164	101.37314925770376	36.72909673439738
1165	105.48161308176647	35.95373052467715
1166	104.85886477375949	36.03050306910898
1167	104.2241132837183	35.01809602131763
1168	102.60374544949828	33.124235282079404
1169	104.75369291484573	35.53793837822073
1170	103.68289554264199	33.77807090720171
1171	104.98378300731254	33.33877347576409
1172	105.66666637567155	35.34900084527147
1173	104.44670570544284	33.940682888655
1174	105.8519230090156	34.79666287090552
1175	103.28141510632892	34.575005585010324
1176	102.93296358676743	35.37053554170914
1177	103.79274169761182	36.258228147434416
1178	105.106506139886	35.087622197895016
1179	103.66688772416306	33.77466658762291
1180	105.1061352092004	33.21989402175857
1181	104.1945223713333	36.912696728405706
1182	101.94382626327894	33.144549832522756
1183	102.40067729265516	35.32370437085741
1184	102.19964314041876	33.07518957047261
1185	104.8097442724581	33.92859042329944
1186	105.54543001706077	36.38828766405649
1187	105.68422895047009	35.88358030563088
1188	105.81429579951968	33.4868910190869
1189	104.96751525136447	36.735250898827296
1190	101.33491605239652	36.402255919061126
1191	103.8337476164088	34.54410236875962
1192	104.43815300770775	33.62417695140587
1193	102.70203915293557	34.43666657922708
1194	102.01322212025389	35.97205044272943
1195	100.80756544174493	33.25805729937328
1196	104.74160902537022	33.67125311310869
1197	100.93870542142048	34.740031972415785
1198	103.16916814490581	33.183206963696506
1199	103.7472423975854	33.87404859812439
1200	103.09031008919271	34.75253948707342
1201	103.11773952122434	34.98446557222964
1202	103.81291218851163	34.08103769716229
1203	100.44255587781153	35.33394609375252
1204	104.7485625878473	34.01563345683935
1205	105.29057086815924	34.961292934890935
1206	103.42997506719182	34.64644714988919
1207	104.88053585753262	34.85135377386353
1208	100.4958883612376	33.750954679390276
1209	104.97407417965158	33.467300652398634
1210	103.40349021720206	35.091633189704254
1211	102.28870150995984	34.137501835451204
1212	103.62938309046962	35.67697878228262
1213	105.29784061806288	35.78236802214832
1214	102.90233480259023	36.729579565070075
1215	103.33265594829274	36.99096925714073
1216	101.57453421137876	36.76996543924595
1217	102.22963497089573	36.51288233664397
1218	101.58279843197364	35.9212461385196
1219	100.3781949582731	34.817643392573935
1220	104.57715454975003	34.267087246375894
1221	105.91419518988792	36.49234394440686
1222	105.70144578129403	33.85436323558585
1223	101.9780863209431	34.89732232812202
1224	103.19908792479687	36.721866063183306
1225	100.41053030179835	36.68056777335374
1226	105.48682925921965	36.15773615695489
1227	102.99367549440524	34.463366794918464
1228	100.59034295628888	33.240822398704225
1229	101.36287331836144	34.25288713247335
1230	104.86770806420613	33.60496624802242
1231	105.01147460429799	36.911807549761114
1232	103.76031144855386	33.280244559088615
1233	105.39044495704832	34.32076622230339
1234	104.905429792237	35.41149465553882
1235	101.96489025101458	36.70631461999538
1236	101.32072725146787	35.63198375527041
1237	104.23118486716642	34.975227564917525
1238	102.52813086229918	34.87887515807231
1239	104.12124689711418	35.79543452809336
1240	105.42302244104562	35.47718107502371
1241	102.92460615058411	34.59450077647401
1242	103.41441225389077	35.390182267030404
1243	100.84426193154871	34.608501943194554
1244	103.86273641427108	34.63683321091166
1245	103.56892998337075	33.6072985279572
1246	105.12414623502009	35.0104606943966
1247	101.79212852595441	36.94663183807047
1248	100.57363459921955	34.39810254295892
1249	100.43765586686843	34.15312643753836
1250	102.82407099967676	36.19612279370439
1251	105.46136272980797	34.33519842741522
1252	104.98419294880561	36.545278087574815
1253	103.49072461995955	35.33103277743999
1254	103.20582900499241	35.3671996904261
1255	105.23657100165357	36.654207271398114
1256	101.95910415179868	36.47429384288055
1257	100.56542942497977	35.97820437365156
1258	102.44410547258619	34.3463531180803
1259	104.35629434752857	36.112966604313804
1260	101.29846246704797	33.519710110644986
1261	104.78223215079919	34.16981499116298
1262	103.29252310508328	35.91855325155245
1263	100.45508534575073	36.88546427971638
1264	105.01728263027067	36.873064898677136
1265	100.95064027297164	33.88153241170017
1266	101.66494962386251	33.015329650789944
1267	102.59197444526176	33.9728564738293
1268	101.87800970209251	35.72150079761535
1269	104.01030135370492	33.506090369969236
1270	104.2998739331519	35.277501120456215
1271	104.92548154101812	33.10947459077173
1272	104.89867589529021	33.4855742347956
1273	103.79247103485109	36.16533180126284
1274	100.355507509078	36.000290712086226
1275	104.44532928067969	36.77875631022756
1276	101.8093605272187	34.28515307283363
1277	105.63701059024824	35.00912948447876
1278	101.03326712426141	33.71473242683637
1279	103.42101429235133	34.655507317955006
1280	103.6796095004511	36.01230870309472
1281	101.6500708623307	36.94259030243642
1282	103.5772950967826	35.909275450490426
1283	103.47739251195642	33.04089981622546
1284	104.18947047996608	33.64010920518275
1285	102.63761820465616	35.47294953881725
1286	103.24767350938629	34.645492590573404
1287	104.4574350309658	36.106614078917964
1288	103.26680011775649	35.64621946185225
1289	101.99995903919984	35.61756135165848
1290	104.11498840148415	34.07179885899351
1291	105.48231042699405	34.01452934952352
1292	101.06349936653403	34.680214778123045
1293	100.12241928336321	33.0643916415606
1294	104.77390035747258	33.08908650498568
1295	104.86895019915217	33.228370369137544
1296	102.49333338986598	34.85351415477174
1297	101.04733469675435	35.02641964080227
1298	101.32337776959626	36.67218303037271
1299	100.81525320361364	35.583715601726546
1300	102.80399217747413	35.28083919128493
1301	105.46250855914926	36.481354493677344
1302	100.21124878909266	34.60103791822283
1303	102.01308567402971	34.93277349590148
1304	105.90604796324992	34.752105520956874
1305	102.29129291595586	36.738072893477344
1306	101.79072856422329	34.605544793184215
1307	103.59923264029482	34.43033330496921
1308	103.4314662327187	35.663652194423136
1309	101.41944955672093	33.52118433700656
1310	101.68657759266199	36.17790510965365
1311	104.10445759106803	34.777296245701
1312	102.74432573950439	33.587716040972715
1313	104.34394707476008	36.015129860887626
1314	104.31854795820965	35.556439437859495
1315	105.31082596258355	34.98819351013898
1316	101.3764046230011	36.10905669960165
1317	105.77885013619866	35.55922096210571
1318	103.17977309304108	34.634752913402586
1319	104.17744933640913	35.49909735046354
1320	103.6102883671782	34.80763890956643
1321	103.50345738845957	34.935024529796216
1322	103.71775800681678	35.800160808576614
1323	105.24480601064165	34.682331654385365
1324	104.18265588061199	34.516278042972736
1325	100.98784406943092	36.43750027465734
1326	102.91562545250196	35.955280723956356
1327	100.1777947750449	35.08438779150055
1328	104.33040017527775	35.232155357399236
1329	104.58096572499775	35.17129681826854
1330	100.92127503728076	33.2266975299386
1331	103.35767757697026	35.95345240884284
1332	102.65223979753577	33.31110919696109
1333	101.29647908871999	33.263612787135166
1334	102.32211105388197	36.11460711714003
1335	103.68306776700443	36.8729534850629
1336	101.50847704926078	35.823608075920426
1337	104.48143665800103	36.935029096092094
1338	101.91299527329413	35.087345688833786
1339	100.99011997626351	33.56753031564
1340	105.93155968153941	35.20131247674561
1341	103.90301095347367	33.61971857962207
1342	105.05508131610218	36.87471033395404
1343	101.75207787469309	36.197834386756654
1344	101.2701018083127	34.553130946549146
1345	104.03840480968324	33.57643941649193
1346	100.97318653794966	36.963977472289336
1347	101.9683360634593	34.710566922000346
1348	105.03902072983882	34.27967734615788
1349	103.60310401907097	33.681718439207245
1350	101.58935763657657	36.05252530527476
1351	102.40317246254955	35.06015954543272
1352	104.69844565922213	34.865035036910974
1353	101.60262840166585	33.34663069173203
1354	103.74028654923636	36.46096636481481
1355	104.5843072604029	34.36850416556539
1356	104.33405464700283	34.97473455396549
1357	103.44293780875249	34.74858127482014
1358	103.87623255736959	35.760696837439276
1359	103.22144485374436	33.339138620640355
1360	103.46149604723095	35.23885087158003
1361	105.88464903606581	35.819496162779885
1362	103.58910710028228	34.119768361343525
1363	102.95495492639947	33.49229388428024
1364	102.42755063375425	35.3491265185837
1365	101.8762200579224	36.68182766594005
1366	100.56737731156423	36.12098899596699
1367	103.59484890899856	36.037209587973216
1368	104.13069071759408	36.34902689536997
1369	102.55125783351093	35.473781289694124
1370	101.8254447576436	35.05615948634434
1371	100.26020808010622	35.44812368180969
1372	103.0336924858981	34.24563387925918
1373	101.92510582107994	34.75516991025995
1374	100.30515545926801	36.95035081407821
1375	100.07921967734502	33.06034272916521
1376	102.69095787609038	35.322284166427075
1377	102.07586765241115	36.935301682755664
1378	101.19709762315469	35.82012973086246
1379	101.35997712258671	36.25279902182495
1380	101.26320201944363	34.78085839999015
1381	102.84502294685426	34.41430799660975
1382	102.57934297833529	35.919638154646165
1383	104.39220052861455	34.03350075047428
1384	100.7421628433655	34.59262745048854
1385	101.34279175456436	34.379317364914904
1386	105.22128853931854	35.9784329232017
1387	105.29003410541982	36.0942814841057
1388	105.85798872506258	33.68656208462217
1389	102.7934037795815	35.446882106636
1390	104.65025438512284	36.684991911846986
1391	100.53607628335894	33.65125527522307
1392	102.89196076352235	34.85401232142532
1393	101.50542856691925	36.59306334320326
1394	101.82849431355457	34.919793151646196
1395	103.13679905957565	33.6373834581291
1396	103.8672056593343	35.99866251056986
1397	101.00232306507257	33.0625812503574
1398	100.03827520565362	34.49187254505718
1399	100.54951279469637	35.063559598737804
1400	105.84005567243292	36.610668737456045
1401	104.59835271085878	34.19843631774581
1402	105.8226814157893	35.382767299637514
1403	102.7910325862239	35.614618834561384
1404	105.26471166963535	36.593884448219995
1405	101.95504217233018	33.383408102651174
1406	105.07980075993588	35.751750535216566
1407	104.3882026617042	33.796677579025534
1408	102.65386578421068	36.82508078755829
1409	103.40331238096046	35.534837744441646
1410	101.65794775450901	36.206263805165705
1411	103.08043480633256	36.20221025344561
1412	101.00793970680422	33.07406775856531
1413	102.06645951945627	33.844100226934955
1414	105.04958108807423	36.0914535012642
1415	101.43441727552494	34.70926889415781
1416	102.73559498839262	34.16362261552769
1417	100.06913287206788	33.70217309485001
1418	104.03157080694582	34.8027177114296
1419	104.78115039338493	35.68125227578622
1420	100.0381715608576	36.498131442409104
1421	101.36746722610202	33.00270736566911
1422	101.34947217463483	36.37516928374323
1423	100.13546498211836	33.48363042049144
1424	103.98071069939232	34.33985066324595
1425	104.98552645583919	35.264007350534875
1426	102.79346193203416	34.85392198641462
1427	102.00818002449175	33.8840310522252
1428	104.72221874408639	36.461694057207566
1429	101.69321416382333	34.261325192560356
1430	105.26359344891297	35.19910537555441
1431	102.27105571183722	35.15209402229919
1432	101.62782779745342	33.05545224060835
1433	103.4108083012985	34.11087679892338
1434	105.6720270076981	33.72951510393746
1435	103.48469803383094	34.92550013863232
1436	104.23550961838923	36.024350300384114
1437	100.87527500946126	36.99698510178357
1438	101.77989144934448	35.35880463280289
1439	104.34957157663756	35.15858047713881
1440	100.2999989963799	34.038850146439295
1441	105.3535189683818	33.98375703382045
1442	100.31643328071144	33.128124744596676
1443	103.1902761566568	34.719912555467324
1444	100.3865828487998	35.9846038410721
1445	101.43772575603283	34.602700429102484
1446	105.97810986812746	33.789117124177395
1447	100.63324402351958	36.45530961891681
1448	100.73741131766785	36.68146376507892
1449	102.20795287098001	34.15768721273377
1450	100.15528243658066	33.441167966806425
1451	101.88801378856135	33.78260915796899
1452	101.38298704164704	36.002456526945785
1453	105.2971254203617	33.93866882921789
1454	103.48416568548214	35.47682840943438
1455	102.29223701520772	35.1346669445161
1456	102.72148893180955	36.77162619905655
1457	104.64359302985433	36.78555060826186
1458	100.57168988200048	33.33930740832912
1459	100.03057432040391	35.81696314580793
1460	101.03858664930438	36.06965363086347
1461	105.96640391019601	34.69363084659616
1462	100.49093174372572	35.845943867007506
1463	100.1876365137416	33.096226154996415
1464	102.6904021209001	33.82615780292948
1465	102.24845236129302	33.4020113268856
1466	100.89477050065211	34.08156385358314
1467	102.54512772027184	35.58648098787447
1468	101.92227416388002	34.82758556200584
1469	105.7626562966825	36.156384955449624
1470	105.84542535138063	33.11562940601861
1471	102.78334624462582	33.248928145457405
1472	101.54598265311981	35.519595976725995
1473	105.4263206744951	34.08760739632867
1474	101.70753033845197	33.04708508476916
1475	103.99719953383624	34.57205939712324
1476	101.94808844338594	33.23284563172759
1477	101.5188432165253	33.89745851007531
1478	105.70240332709777	36.130808450931525
1479	100.68688973408842	36.7484163616081
1480	105.15204518911234	34.711081017827
1481	102.04791856232336	33.792999960716706
1482	104.97116482174783	36.98957089015525
1483	103.63342580391347	33.914398765256394
1484	101.90673943115587	34.070444254102014
1485	101.2993975006871	33.86093532825818
1486	104.2443632524272	35.165414967880565
1487	104.31911853749122	33.76952802385385
1488	103.02411518964537	33.568898500672766
1489	102.3559569560808	36.32337885920662
1490	101.46576297947118	35.514354356180704
1491	103.80321469154349	35.141572677265806
1492	100.43853911205021	33.81467926078347
1493	101.6197372755018	35.36643918503277
1494	103.96795083657824	35.198303016961646
1495	105.21282671104635	36.31394198631054
1496	104.71056287006829	36.29267768510603
1497	104.6241033203367	34.483024312414614
1498	105.0474181684347	34.27813943592786
1499	102.25931388216351	36.1817537666046
1500	104.94773854898561	35.33766248665002
1501	104.66968496250387	34.521273820300095
1502	103.03677375824772	33.1618124207039
1503	103.44027162369639	35.55298270175478
1504	105.36514356664541	36.933246229022735
1505	101.06985395881084	33.880025037017845
1506	101.22174483238832	33.411394741807946
1507	101.83728464859522	36.16109572472353
1508	100.95827137976876	36.965502708182576
1509	105.04079284007614	34.54271897601218
1510	101.20062151512975	35.66299058597486
1511	100.66960090799266	35.20558025525733
1512	100.01094411988396	35.81014125748467
1513	104.52131254307494	34.891152468154736
1514	101.53380161520866	35.663403569911516
1515	103.0138818183364	35.48677178534708
1516	102.41090343895843	34.382144673810274
1517	105.45757468262845	34.49048285780492
1518	101.78109170579022	35.67747082949635
1519	103.35018575113695	36.451387055095445
1520	101.9957358485514	35.02677651262241
1521	105.33787497582969	34.28689126098737
1522	104.27442074626576	33.769970267782206
1523	104.84434030825923	36.715169139597
1524	101.40178872082241	35.88086451679464
1525	100.01264376787942	33.90931077521017
1526	105.22362257254221	33.71600660347419
1527	100.52686035482371	34.87905038373213
1528	100.13873339167601	34.583265919604685
1529	101.08482037269073	33.01662604907416
1530	100.00294355640578	36.54378266994228
1531	101.77856754871195	34.705239870559105
1532	103.86243140771803	35.46342136438814
1533	100.40575691696559	36.881750027502235
1534	105.71593155945389	34.96366235894908
1535	100.78306772034476	36.969641367655825
1536	102.06876020084142	33.58690326320043
1537	103.46180845305612	36.6539845564104
1538	101.3863624300236	35.18743105565538
1539	104.85624257933499	36.557008012412545
1540	103.6810544779862	35.286865165618764
1541	103.68676512617124	36.99107098302472
1542	103.37286044428177	35.891660413569376
1543	100.81291166209883	36.61524022451948
1544	101.25381982595852	33.06029819100034
1545	101.98528309418629	35.00233672786044
1546	104.85486879834457	35.32908305523186
1547	100.78082106408311	33.83523281607796
